Seed value: 17
3 5 8 4 6 2 1 7 9 
9 1 2 7 5 3 4 6 8 
4 6 7 9 8 1 2 5 3 
2 8 6 3 4 9 5 1 7 
7 9 1 8 2 5 6 3 4 
5 3 4 1 7 6 8 9 2 
1 2 9 6 3 8 7 4 5 
8 7 3 5 1 4 9 2 6 
6 4 5 2 9 7 3 8 1 
Duration [seconds]: 0.00450551
Nodes expanded: 45
Seed value: 34
3 5 8 4 6 2 1 7 9 
9 1 2 7 5 3 4 6 8 
4 6 7 9 8 1 2 5 3 
2 8 6 3 4 9 5 1 7 
7 9 1 8 2 5 6 3 4 
5 3 4 1 7 6 8 9 2 
1 2 9 6 3 8 7 4 5 
8 7 3 5 1 4 9 2 6 
6 4 5 2 9 7 3 8 1 
Duration [seconds]: 0.00366492
Nodes expanded: 45
Seed value: 51
3 5 8 4 6 2 1 7 9 
9 1 2 7 5 3 4 6 8 
4 6 7 9 8 1 2 5 3 
2 8 6 3 4 9 5 1 7 
7 9 1 8 2 5 6 3 4 
5 3 4 1 7 6 8 9 2 
1 2 9 6 3 8 7 4 5 
8 7 3 5 1 4 9 2 6 
6 4 5 2 9 7 3 8 1 
Duration [seconds]: 0.00415091
Nodes expanded: 45
Seed value: 68
3 5 8 4 6 2 1 7 9 
9 1 2 7 5 3 4 6 8 
4 6 7 9 8 1 2 5 3 
2 8 6 3 4 9 5 1 7 
7 9 1 8 2 5 6 3 4 
5 3 4 1 7 6 8 9 2 
1 2 9 6 3 8 7 4 5 
8 7 3 5 1 4 9 2 6 
6 4 5 2 9 7 3 8 1 
Duration [seconds]: 0.00441131
Nodes expanded: 45
Seed value: 85
3 5 8 4 6 2 1 7 9 
9 1 2 7 5 3 4 6 8 
4 6 7 9 8 1 2 5 3 
2 8 6 3 4 9 5 1 7 
7 9 1 8 2 5 6 3 4 
5 3 4 1 7 6 8 9 2 
1 2 9 6 3 8 7 4 5 
8 7 3 5 1 4 9 2 6 
6 4 5 2 9 7 3 8 1 
Duration [seconds]: 0.00381866
Nodes expanded: 45
Seed value: 102
3 5 8 4 6 2 1 7 9 
9 1 2 7 5 3 4 6 8 
4 6 7 9 8 1 2 5 3 
2 8 6 3 4 9 5 1 7 
7 9 1 8 2 5 6 3 4 
5 3 4 1 7 6 8 9 2 
1 2 9 6 3 8 7 4 5 
8 7 3 5 1 4 9 2 6 
6 4 5 2 9 7 3 8 1 
Duration [seconds]: 0.0041093
Nodes expanded: 45
Seed value: 119
3 5 8 4 6 2 1 7 9 
9 1 2 7 5 3 4 6 8 
4 6 7 9 8 1 2 5 3 
2 8 6 3 4 9 5 1 7 
7 9 1 8 2 5 6 3 4 
5 3 4 1 7 6 8 9 2 
1 2 9 6 3 8 7 4 5 
8 7 3 5 1 4 9 2 6 
6 4 5 2 9 7 3 8 1 
Duration [seconds]: 0.00350095
Nodes expanded: 45
Seed value: 136
3 5 8 4 6 2 1 7 9 
9 1 2 7 5 3 4 6 8 
4 6 7 9 8 1 2 5 3 
2 8 6 3 4 9 5 1 7 
7 9 1 8 2 5 6 3 4 
5 3 4 1 7 6 8 9 2 
1 2 9 6 3 8 7 4 5 
8 7 3 5 1 4 9 2 6 
6 4 5 2 9 7 3 8 1 
Duration [seconds]: 0.00325886
Nodes expanded: 45
Seed value: 153
3 5 8 4 6 2 1 7 9 
9 1 2 7 5 3 4 6 8 
4 6 7 9 8 1 2 5 3 
2 8 6 3 4 9 5 1 7 
7 9 1 8 2 5 6 3 4 
5 3 4 1 7 6 8 9 2 
1 2 9 6 3 8 7 4 5 
8 7 3 5 1 4 9 2 6 
6 4 5 2 9 7 3 8 1 
Duration [seconds]: 0.00317508
Nodes expanded: 45
Seed value: 170
3 5 8 4 6 2 1 7 9 
9 1 2 7 5 3 4 6 8 
4 6 7 9 8 1 2 5 3 
2 8 6 3 4 9 5 1 7 
7 9 1 8 2 5 6 3 4 
5 3 4 1 7 6 8 9 2 
1 2 9 6 3 8 7 4 5 
8 7 3 5 1 4 9 2 6 
6 4 5 2 9 7 3 8 1 
Duration [seconds]: 0.00321388
Nodes expanded: 45
Seed value: 187
3 5 8 4 6 2 1 7 9 
9 1 2 7 5 3 4 6 8 
4 6 7 9 8 1 2 5 3 
2 8 6 3 4 9 5 1 7 
7 9 1 8 2 5 6 3 4 
5 3 4 1 7 6 8 9 2 
1 2 9 6 3 8 7 4 5 
8 7 3 5 1 4 9 2 6 
6 4 5 2 9 7 3 8 1 
Duration [seconds]: 0.00319428
Nodes expanded: 45
Seed value: 204
3 5 8 4 6 2 1 7 9 
9 1 2 7 5 3 4 6 8 
4 6 7 9 8 1 2 5 3 
2 8 6 3 4 9 5 1 7 
7 9 1 8 2 5 6 3 4 
5 3 4 1 7 6 8 9 2 
1 2 9 6 3 8 7 4 5 
8 7 3 5 1 4 9 2 6 
6 4 5 2 9 7 3 8 1 
Duration [seconds]: 0.00327267
Nodes expanded: 45
Seed value: 221
3 5 8 4 6 2 1 7 9 
9 1 2 7 5 3 4 6 8 
4 6 7 9 8 1 2 5 3 
2 8 6 3 4 9 5 1 7 
7 9 1 8 2 5 6 3 4 
5 3 4 1 7 6 8 9 2 
1 2 9 6 3 8 7 4 5 
8 7 3 5 1 4 9 2 6 
6 4 5 2 9 7 3 8 1 
Duration [seconds]: 0.00317321
Nodes expanded: 45
Seed value: 238
3 5 8 4 6 2 1 7 9 
9 1 2 7 5 3 4 6 8 
4 6 7 9 8 1 2 5 3 
2 8 6 3 4 9 5 1 7 
7 9 1 8 2 5 6 3 4 
5 3 4 1 7 6 8 9 2 
1 2 9 6 3 8 7 4 5 
8 7 3 5 1 4 9 2 6 
6 4 5 2 9 7 3 8 1 
Duration [seconds]: 0.00334004
Nodes expanded: 45
Seed value: 255
3 5 8 4 6 2 1 7 9 
9 1 2 7 5 3 4 6 8 
4 6 7 9 8 1 2 5 3 
2 8 6 3 4 9 5 1 7 
7 9 1 8 2 5 6 3 4 
5 3 4 1 7 6 8 9 2 
1 2 9 6 3 8 7 4 5 
8 7 3 5 1 4 9 2 6 
6 4 5 2 9 7 3 8 1 
Duration [seconds]: 0.00317611
Nodes expanded: 45
Seed value: 272
3 5 8 4 6 2 1 7 9 
9 1 2 7 5 3 4 6 8 
4 6 7 9 8 1 2 5 3 
2 8 6 3 4 9 5 1 7 
7 9 1 8 2 5 6 3 4 
5 3 4 1 7 6 8 9 2 
1 2 9 6 3 8 7 4 5 
8 7 3 5 1 4 9 2 6 
6 4 5 2 9 7 3 8 1 
Duration [seconds]: 0.00321348
Nodes expanded: 45
Seed value: 289
3 5 8 4 6 2 1 7 9 
9 1 2 7 5 3 4 6 8 
4 6 7 9 8 1 2 5 3 
2 8 6 3 4 9 5 1 7 
7 9 1 8 2 5 6 3 4 
5 3 4 1 7 6 8 9 2 
1 2 9 6 3 8 7 4 5 
8 7 3 5 1 4 9 2 6 
6 4 5 2 9 7 3 8 1 
Duration [seconds]: 0.0034955
Nodes expanded: 45
Seed value: 306
3 5 8 4 6 2 1 7 9 
9 1 2 7 5 3 4 6 8 
4 6 7 9 8 1 2 5 3 
2 8 6 3 4 9 5 1 7 
7 9 1 8 2 5 6 3 4 
5 3 4 1 7 6 8 9 2 
1 2 9 6 3 8 7 4 5 
8 7 3 5 1 4 9 2 6 
6 4 5 2 9 7 3 8 1 
Duration [seconds]: 0.00399962
Nodes expanded: 45
Seed value: 323
3 5 8 4 6 2 1 7 9 
9 1 2 7 5 3 4 6 8 
4 6 7 9 8 1 2 5 3 
2 8 6 3 4 9 5 1 7 
7 9 1 8 2 5 6 3 4 
5 3 4 1 7 6 8 9 2 
1 2 9 6 3 8 7 4 5 
8 7 3 5 1 4 9 2 6 
6 4 5 2 9 7 3 8 1 
Duration [seconds]: 0.00369579
Nodes expanded: 45
Seed value: 340
3 5 8 4 6 2 1 7 9 
9 1 2 7 5 3 4 6 8 
4 6 7 9 8 1 2 5 3 
2 8 6 3 4 9 5 1 7 
7 9 1 8 2 5 6 3 4 
5 3 4 1 7 6 8 9 2 
1 2 9 6 3 8 7 4 5 
8 7 3 5 1 4 9 2 6 
6 4 5 2 9 7 3 8 1 
Duration [seconds]: 0.00381178
Nodes expanded: 45
Seed value: 357
3 5 8 4 6 2 1 7 9 
9 1 2 7 5 3 4 6 8 
4 6 7 9 8 1 2 5 3 
2 8 6 3 4 9 5 1 7 
7 9 1 8 2 5 6 3 4 
5 3 4 1 7 6 8 9 2 
1 2 9 6 3 8 7 4 5 
8 7 3 5 1 4 9 2 6 
6 4 5 2 9 7 3 8 1 
Duration [seconds]: 0.00463724
Nodes expanded: 45
Seed value: 374
3 5 8 4 6 2 1 7 9 
9 1 2 7 5 3 4 6 8 
4 6 7 9 8 1 2 5 3 
2 8 6 3 4 9 5 1 7 
7 9 1 8 2 5 6 3 4 
5 3 4 1 7 6 8 9 2 
1 2 9 6 3 8 7 4 5 
8 7 3 5 1 4 9 2 6 
6 4 5 2 9 7 3 8 1 
Duration [seconds]: 0.00339022
Nodes expanded: 45
Seed value: 391
3 5 8 4 6 2 1 7 9 
9 1 2 7 5 3 4 6 8 
4 6 7 9 8 1 2 5 3 
2 8 6 3 4 9 5 1 7 
7 9 1 8 2 5 6 3 4 
5 3 4 1 7 6 8 9 2 
1 2 9 6 3 8 7 4 5 
8 7 3 5 1 4 9 2 6 
6 4 5 2 9 7 3 8 1 
Duration [seconds]: 0.00481606
Nodes expanded: 45
Seed value: 408
3 5 8 4 6 2 1 7 9 
9 1 2 7 5 3 4 6 8 
4 6 7 9 8 1 2 5 3 
2 8 6 3 4 9 5 1 7 
7 9 1 8 2 5 6 3 4 
5 3 4 1 7 6 8 9 2 
1 2 9 6 3 8 7 4 5 
8 7 3 5 1 4 9 2 6 
6 4 5 2 9 7 3 8 1 
Duration [seconds]: 0.00381189
Nodes expanded: 45
Seed value: 425
3 5 8 4 6 2 1 7 9 
9 1 2 7 5 3 4 6 8 
4 6 7 9 8 1 2 5 3 
2 8 6 3 4 9 5 1 7 
7 9 1 8 2 5 6 3 4 
5 3 4 1 7 6 8 9 2 
1 2 9 6 3 8 7 4 5 
8 7 3 5 1 4 9 2 6 
6 4 5 2 9 7 3 8 1 
Duration [seconds]: 0.0038646
Nodes expanded: 45
Seed value: 442
3 5 8 4 6 2 1 7 9 
9 1 2 7 5 3 4 6 8 
4 6 7 9 8 1 2 5 3 
2 8 6 3 4 9 5 1 7 
7 9 1 8 2 5 6 3 4 
5 3 4 1 7 6 8 9 2 
1 2 9 6 3 8 7 4 5 
8 7 3 5 1 4 9 2 6 
6 4 5 2 9 7 3 8 1 
Duration [seconds]: 0.00314205
Nodes expanded: 45
Seed value: 459
3 5 8 4 6 2 1 7 9 
9 1 2 7 5 3 4 6 8 
4 6 7 9 8 1 2 5 3 
2 8 6 3 4 9 5 1 7 
7 9 1 8 2 5 6 3 4 
5 3 4 1 7 6 8 9 2 
1 2 9 6 3 8 7 4 5 
8 7 3 5 1 4 9 2 6 
6 4 5 2 9 7 3 8 1 
Duration [seconds]: 0.00212375
Nodes expanded: 45
Seed value: 476
3 5 8 4 6 2 1 7 9 
9 1 2 7 5 3 4 6 8 
4 6 7 9 8 1 2 5 3 
2 8 6 3 4 9 5 1 7 
7 9 1 8 2 5 6 3 4 
5 3 4 1 7 6 8 9 2 
1 2 9 6 3 8 7 4 5 
8 7 3 5 1 4 9 2 6 
6 4 5 2 9 7 3 8 1 
Duration [seconds]: 0.00239401
Nodes expanded: 45
Seed value: 493
3 5 8 4 6 2 1 7 9 
9 1 2 7 5 3 4 6 8 
4 6 7 9 8 1 2 5 3 
2 8 6 3 4 9 5 1 7 
7 9 1 8 2 5 6 3 4 
5 3 4 1 7 6 8 9 2 
1 2 9 6 3 8 7 4 5 
8 7 3 5 1 4 9 2 6 
6 4 5 2 9 7 3 8 1 
Duration [seconds]: 0.00184711
Nodes expanded: 45
Seed value: 510
3 5 8 4 6 2 1 7 9 
9 1 2 7 5 3 4 6 8 
4 6 7 9 8 1 2 5 3 
2 8 6 3 4 9 5 1 7 
7 9 1 8 2 5 6 3 4 
5 3 4 1 7 6 8 9 2 
1 2 9 6 3 8 7 4 5 
8 7 3 5 1 4 9 2 6 
6 4 5 2 9 7 3 8 1 
Duration [seconds]: 0.001687
Nodes expanded: 45
Seed value: 527
3 5 8 4 6 2 1 7 9 
9 1 2 7 5 3 4 6 8 
4 6 7 9 8 1 2 5 3 
2 8 6 3 4 9 5 1 7 
7 9 1 8 2 5 6 3 4 
5 3 4 1 7 6 8 9 2 
1 2 9 6 3 8 7 4 5 
8 7 3 5 1 4 9 2 6 
6 4 5 2 9 7 3 8 1 
Duration [seconds]: 0.00157312
Nodes expanded: 45
Seed value: 544
3 5 8 4 6 2 1 7 9 
9 1 2 7 5 3 4 6 8 
4 6 7 9 8 1 2 5 3 
2 8 6 3 4 9 5 1 7 
7 9 1 8 2 5 6 3 4 
5 3 4 1 7 6 8 9 2 
1 2 9 6 3 8 7 4 5 
8 7 3 5 1 4 9 2 6 
6 4 5 2 9 7 3 8 1 
Duration [seconds]: 0.00163937
Nodes expanded: 45
Seed value: 561
3 5 8 4 6 2 1 7 9 
9 1 2 7 5 3 4 6 8 
4 6 7 9 8 1 2 5 3 
2 8 6 3 4 9 5 1 7 
7 9 1 8 2 5 6 3 4 
5 3 4 1 7 6 8 9 2 
1 2 9 6 3 8 7 4 5 
8 7 3 5 1 4 9 2 6 
6 4 5 2 9 7 3 8 1 
Duration [seconds]: 0.00159676
Nodes expanded: 45
Seed value: 578
3 5 8 4 6 2 1 7 9 
9 1 2 7 5 3 4 6 8 
4 6 7 9 8 1 2 5 3 
2 8 6 3 4 9 5 1 7 
7 9 1 8 2 5 6 3 4 
5 3 4 1 7 6 8 9 2 
1 2 9 6 3 8 7 4 5 
8 7 3 5 1 4 9 2 6 
6 4 5 2 9 7 3 8 1 
Duration [seconds]: 0.00158777
Nodes expanded: 45
Seed value: 595
3 5 8 4 6 2 1 7 9 
9 1 2 7 5 3 4 6 8 
4 6 7 9 8 1 2 5 3 
2 8 6 3 4 9 5 1 7 
7 9 1 8 2 5 6 3 4 
5 3 4 1 7 6 8 9 2 
1 2 9 6 3 8 7 4 5 
8 7 3 5 1 4 9 2 6 
6 4 5 2 9 7 3 8 1 
Duration [seconds]: 0.0015726
Nodes expanded: 45
Seed value: 612
3 5 8 4 6 2 1 7 9 
9 1 2 7 5 3 4 6 8 
4 6 7 9 8 1 2 5 3 
2 8 6 3 4 9 5 1 7 
7 9 1 8 2 5 6 3 4 
5 3 4 1 7 6 8 9 2 
1 2 9 6 3 8 7 4 5 
8 7 3 5 1 4 9 2 6 
6 4 5 2 9 7 3 8 1 
Duration [seconds]: 0.00159348
Nodes expanded: 45
Seed value: 629
3 5 8 4 6 2 1 7 9 
9 1 2 7 5 3 4 6 8 
4 6 7 9 8 1 2 5 3 
2 8 6 3 4 9 5 1 7 
7 9 1 8 2 5 6 3 4 
5 3 4 1 7 6 8 9 2 
1 2 9 6 3 8 7 4 5 
8 7 3 5 1 4 9 2 6 
6 4 5 2 9 7 3 8 1 
Duration [seconds]: 0.00169918
Nodes expanded: 45
Seed value: 646
3 5 8 4 6 2 1 7 9 
9 1 2 7 5 3 4 6 8 
4 6 7 9 8 1 2 5 3 
2 8 6 3 4 9 5 1 7 
7 9 1 8 2 5 6 3 4 
5 3 4 1 7 6 8 9 2 
1 2 9 6 3 8 7 4 5 
8 7 3 5 1 4 9 2 6 
6 4 5 2 9 7 3 8 1 
Duration [seconds]: 0.00205494
Nodes expanded: 45
Seed value: 663
3 5 8 4 6 2 1 7 9 
9 1 2 7 5 3 4 6 8 
4 6 7 9 8 1 2 5 3 
2 8 6 3 4 9 5 1 7 
7 9 1 8 2 5 6 3 4 
5 3 4 1 7 6 8 9 2 
1 2 9 6 3 8 7 4 5 
8 7 3 5 1 4 9 2 6 
6 4 5 2 9 7 3 8 1 
Duration [seconds]: 0.00148216
Nodes expanded: 45
Seed value: 680
3 5 8 4 6 2 1 7 9 
9 1 2 7 5 3 4 6 8 
4 6 7 9 8 1 2 5 3 
2 8 6 3 4 9 5 1 7 
7 9 1 8 2 5 6 3 4 
5 3 4 1 7 6 8 9 2 
1 2 9 6 3 8 7 4 5 
8 7 3 5 1 4 9 2 6 
6 4 5 2 9 7 3 8 1 
Duration [seconds]: 0.00128254
Nodes expanded: 45
Seed value: 697
3 5 8 4 6 2 1 7 9 
9 1 2 7 5 3 4 6 8 
4 6 7 9 8 1 2 5 3 
2 8 6 3 4 9 5 1 7 
7 9 1 8 2 5 6 3 4 
5 3 4 1 7 6 8 9 2 
1 2 9 6 3 8 7 4 5 
8 7 3 5 1 4 9 2 6 
6 4 5 2 9 7 3 8 1 
Duration [seconds]: 0.00134131
Nodes expanded: 45
Seed value: 714
3 5 8 4 6 2 1 7 9 
9 1 2 7 5 3 4 6 8 
4 6 7 9 8 1 2 5 3 
2 8 6 3 4 9 5 1 7 
7 9 1 8 2 5 6 3 4 
5 3 4 1 7 6 8 9 2 
1 2 9 6 3 8 7 4 5 
8 7 3 5 1 4 9 2 6 
6 4 5 2 9 7 3 8 1 
Duration [seconds]: 0.00125701
Nodes expanded: 45
Seed value: 731
3 5 8 4 6 2 1 7 9 
9 1 2 7 5 3 4 6 8 
4 6 7 9 8 1 2 5 3 
2 8 6 3 4 9 5 1 7 
7 9 1 8 2 5 6 3 4 
5 3 4 1 7 6 8 9 2 
1 2 9 6 3 8 7 4 5 
8 7 3 5 1 4 9 2 6 
6 4 5 2 9 7 3 8 1 
Duration [seconds]: 0.00126778
Nodes expanded: 45
Seed value: 748
3 5 8 4 6 2 1 7 9 
9 1 2 7 5 3 4 6 8 
4 6 7 9 8 1 2 5 3 
2 8 6 3 4 9 5 1 7 
7 9 1 8 2 5 6 3 4 
5 3 4 1 7 6 8 9 2 
1 2 9 6 3 8 7 4 5 
8 7 3 5 1 4 9 2 6 
6 4 5 2 9 7 3 8 1 
Duration [seconds]: 0.00125612
Nodes expanded: 45
Seed value: 765
3 5 8 4 6 2 1 7 9 
9 1 2 7 5 3 4 6 8 
4 6 7 9 8 1 2 5 3 
2 8 6 3 4 9 5 1 7 
7 9 1 8 2 5 6 3 4 
5 3 4 1 7 6 8 9 2 
1 2 9 6 3 8 7 4 5 
8 7 3 5 1 4 9 2 6 
6 4 5 2 9 7 3 8 1 
Duration [seconds]: 0.00126593
Nodes expanded: 45
Seed value: 782
3 5 8 4 6 2 1 7 9 
9 1 2 7 5 3 4 6 8 
4 6 7 9 8 1 2 5 3 
2 8 6 3 4 9 5 1 7 
7 9 1 8 2 5 6 3 4 
5 3 4 1 7 6 8 9 2 
1 2 9 6 3 8 7 4 5 
8 7 3 5 1 4 9 2 6 
6 4 5 2 9 7 3 8 1 
Duration [seconds]: 0.00123912
Nodes expanded: 45
Seed value: 799
3 5 8 4 6 2 1 7 9 
9 1 2 7 5 3 4 6 8 
4 6 7 9 8 1 2 5 3 
2 8 6 3 4 9 5 1 7 
7 9 1 8 2 5 6 3 4 
5 3 4 1 7 6 8 9 2 
1 2 9 6 3 8 7 4 5 
8 7 3 5 1 4 9 2 6 
6 4 5 2 9 7 3 8 1 
Duration [seconds]: 0.00115859
Nodes expanded: 45
Seed value: 816
3 5 8 4 6 2 1 7 9 
9 1 2 7 5 3 4 6 8 
4 6 7 9 8 1 2 5 3 
2 8 6 3 4 9 5 1 7 
7 9 1 8 2 5 6 3 4 
5 3 4 1 7 6 8 9 2 
1 2 9 6 3 8 7 4 5 
8 7 3 5 1 4 9 2 6 
6 4 5 2 9 7 3 8 1 
Duration [seconds]: 0.00116708
Nodes expanded: 45
Seed value: 833
3 5 8 4 6 2 1 7 9 
9 1 2 7 5 3 4 6 8 
4 6 7 9 8 1 2 5 3 
2 8 6 3 4 9 5 1 7 
7 9 1 8 2 5 6 3 4 
5 3 4 1 7 6 8 9 2 
1 2 9 6 3 8 7 4 5 
8 7 3 5 1 4 9 2 6 
6 4 5 2 9 7 3 8 1 
Duration [seconds]: 0.00114325
Nodes expanded: 45
Seed value: 850
3 5 8 4 6 2 1 7 9 
9 1 2 7 5 3 4 6 8 
4 6 7 9 8 1 2 5 3 
2 8 6 3 4 9 5 1 7 
7 9 1 8 2 5 6 3 4 
5 3 4 1 7 6 8 9 2 
1 2 9 6 3 8 7 4 5 
8 7 3 5 1 4 9 2 6 
6 4 5 2 9 7 3 8 1 
Duration [seconds]: 0.0011179
Nodes expanded: 45
Runtimes (s): 0.00450551,0.00366492,0.00415091,0.00441131,0.00381866,0.0041093,0.00350095,0.00325886,0.00317508,0.00321388,0.00319428,0.00327267,0.00317321,0.00334004,0.00317611,0.00321348,0.0034955,0.00399962,0.00369579,0.00381178,0.00463724,0.00339022,0.00481606,0.00381189,0.0038646,0.00314205,0.00212375,0.00239401,0.00184711,0.001687,0.00157312,0.00163937,0.00159676,0.00158777,0.0015726,0.00159348,0.00169918,0.00205494,0.00148216,0.00128254,0.00134131,0.00125701,0.00126778,0.00125612,0.00126593,0.00123912,0.00115859,0.00116708,0.00114325,0.0011179,
Runtimes average (s): 0.002643836
Runtimes standard deviation (s): 0.0011647305005571

Nodes expanded: 45,45,45,45,45,45,45,45,45,45,45,45,45,45,45,45,45,45,45,45,45,45,45,45,45,45,45,45,45,45,45,45,45,45,45,45,45,45,45,45,45,45,45,45,45,45,45,45,45,45,
Nodes expanded average: 45 
Nodes expanded standard deviation: 0
