Seed value: 17
4 1 5 8 7 9 3 2 6 
9 8 6 2 1 3 7 5 4 
7 3 2 5 4 6 8 1 9 
5 4 8 3 6 7 1 9 2 
1 6 7 9 2 5 4 8 3 
3 2 9 1 8 4 6 7 5 
2 9 4 7 3 1 5 6 8 
8 7 3 6 5 2 9 4 1 
6 5 1 4 9 8 2 3 7 
Duration [seconds]: 0.013297
Nodes expanded: 100
Seed value: 34
4 1 5 8 7 9 3 2 6 
9 8 6 2 1 3 7 5 4 
7 3 2 5 4 6 8 1 9 
5 4 8 3 6 7 1 9 2 
1 6 7 9 2 5 4 8 3 
3 2 9 1 8 4 6 7 5 
2 9 4 7 3 1 5 6 8 
8 7 3 6 5 2 9 4 1 
6 5 1 4 9 8 2 3 7 
Duration [seconds]: 0.0152969
Nodes expanded: 100
Seed value: 51
4 1 5 8 7 9 3 2 6 
9 8 6 2 1 3 7 5 4 
7 3 2 5 4 6 8 1 9 
5 4 8 3 6 7 1 9 2 
1 6 7 9 2 5 4 8 3 
3 2 9 1 8 4 6 7 5 
2 9 4 7 3 1 5 6 8 
8 7 3 6 5 2 9 4 1 
6 5 1 4 9 8 2 3 7 
Duration [seconds]: 0.0124089
Nodes expanded: 100
Seed value: 68
4 1 5 8 7 9 3 2 6 
9 8 6 2 1 3 7 5 4 
7 3 2 5 4 6 8 1 9 
5 4 8 3 6 7 1 9 2 
1 6 7 9 2 5 4 8 3 
3 2 9 1 8 4 6 7 5 
2 9 4 7 3 1 5 6 8 
8 7 3 6 5 2 9 4 1 
6 5 1 4 9 8 2 3 7 
Duration [seconds]: 0.0128667
Nodes expanded: 100
Seed value: 85
4 1 5 8 7 9 3 2 6 
9 8 6 2 1 3 7 5 4 
7 3 2 5 4 6 8 1 9 
5 4 8 3 6 7 1 9 2 
1 6 7 9 2 5 4 8 3 
3 2 9 1 8 4 6 7 5 
2 9 4 7 3 1 5 6 8 
8 7 3 6 5 2 9 4 1 
6 5 1 4 9 8 2 3 7 
Duration [seconds]: 0.0125669
Nodes expanded: 100
Seed value: 102
4 1 5 8 7 9 3 2 6 
9 8 6 2 1 3 7 5 4 
7 3 2 5 4 6 8 1 9 
5 4 8 3 6 7 1 9 2 
1 6 7 9 2 5 4 8 3 
3 2 9 1 8 4 6 7 5 
2 9 4 7 3 1 5 6 8 
8 7 3 6 5 2 9 4 1 
6 5 1 4 9 8 2 3 7 
Duration [seconds]: 0.012652
Nodes expanded: 100
Seed value: 119
4 1 5 8 7 9 3 2 6 
9 8 6 2 1 3 7 5 4 
7 3 2 5 4 6 8 1 9 
5 4 8 3 6 7 1 9 2 
1 6 7 9 2 5 4 8 3 
3 2 9 1 8 4 6 7 5 
2 9 4 7 3 1 5 6 8 
8 7 3 6 5 2 9 4 1 
6 5 1 4 9 8 2 3 7 
Duration [seconds]: 0.0131605
Nodes expanded: 100
Seed value: 136
4 1 5 8 7 9 3 2 6 
9 8 6 2 1 3 7 5 4 
7 3 2 5 4 6 8 1 9 
5 4 8 3 6 7 1 9 2 
1 6 7 9 2 5 4 8 3 
3 2 9 1 8 4 6 7 5 
2 9 4 7 3 1 5 6 8 
8 7 3 6 5 2 9 4 1 
6 5 1 4 9 8 2 3 7 
Duration [seconds]: 0.0129948
Nodes expanded: 100
Seed value: 153
4 1 5 8 7 9 3 2 6 
9 8 6 2 1 3 7 5 4 
7 3 2 5 4 6 8 1 9 
5 4 8 3 6 7 1 9 2 
1 6 7 9 2 5 4 8 3 
3 2 9 1 8 4 6 7 5 
2 9 4 7 3 1 5 6 8 
8 7 3 6 5 2 9 4 1 
6 5 1 4 9 8 2 3 7 
Duration [seconds]: 0.0129329
Nodes expanded: 100
Seed value: 170
4 1 5 8 7 9 3 2 6 
9 8 6 2 1 3 7 5 4 
7 3 2 5 4 6 8 1 9 
5 4 8 3 6 7 1 9 2 
1 6 7 9 2 5 4 8 3 
3 2 9 1 8 4 6 7 5 
2 9 4 7 3 1 5 6 8 
8 7 3 6 5 2 9 4 1 
6 5 1 4 9 8 2 3 7 
Duration [seconds]: 0.0125714
Nodes expanded: 100
Seed value: 187
4 1 5 8 7 9 3 2 6 
9 8 6 2 1 3 7 5 4 
7 3 2 5 4 6 8 1 9 
5 4 8 3 6 7 1 9 2 
1 6 7 9 2 5 4 8 3 
3 2 9 1 8 4 6 7 5 
2 9 4 7 3 1 5 6 8 
8 7 3 6 5 2 9 4 1 
6 5 1 4 9 8 2 3 7 
Duration [seconds]: 0.0127853
Nodes expanded: 100
Seed value: 204
4 1 5 8 7 9 3 2 6 
9 8 6 2 1 3 7 5 4 
7 3 2 5 4 6 8 1 9 
5 4 8 3 6 7 1 9 2 
1 6 7 9 2 5 4 8 3 
3 2 9 1 8 4 6 7 5 
2 9 4 7 3 1 5 6 8 
8 7 3 6 5 2 9 4 1 
6 5 1 4 9 8 2 3 7 
Duration [seconds]: 0.0125867
Nodes expanded: 100
Seed value: 221
4 1 5 8 7 9 3 2 6 
9 8 6 2 1 3 7 5 4 
7 3 2 5 4 6 8 1 9 
5 4 8 3 6 7 1 9 2 
1 6 7 9 2 5 4 8 3 
3 2 9 1 8 4 6 7 5 
2 9 4 7 3 1 5 6 8 
8 7 3 6 5 2 9 4 1 
6 5 1 4 9 8 2 3 7 
Duration [seconds]: 0.0125486
Nodes expanded: 100
Seed value: 238
4 1 5 8 7 9 3 2 6 
9 8 6 2 1 3 7 5 4 
7 3 2 5 4 6 8 1 9 
5 4 8 3 6 7 1 9 2 
1 6 7 9 2 5 4 8 3 
3 2 9 1 8 4 6 7 5 
2 9 4 7 3 1 5 6 8 
8 7 3 6 5 2 9 4 1 
6 5 1 4 9 8 2 3 7 
Duration [seconds]: 0.0125292
Nodes expanded: 100
Seed value: 255
4 1 5 8 7 9 3 2 6 
9 8 6 2 1 3 7 5 4 
7 3 2 5 4 6 8 1 9 
5 4 8 3 6 7 1 9 2 
1 6 7 9 2 5 4 8 3 
3 2 9 1 8 4 6 7 5 
2 9 4 7 3 1 5 6 8 
8 7 3 6 5 2 9 4 1 
6 5 1 4 9 8 2 3 7 
Duration [seconds]: 0.0125401
Nodes expanded: 100
Seed value: 272
4 1 5 8 7 9 3 2 6 
9 8 6 2 1 3 7 5 4 
7 3 2 5 4 6 8 1 9 
5 4 8 3 6 7 1 9 2 
1 6 7 9 2 5 4 8 3 
3 2 9 1 8 4 6 7 5 
2 9 4 7 3 1 5 6 8 
8 7 3 6 5 2 9 4 1 
6 5 1 4 9 8 2 3 7 
Duration [seconds]: 0.00875585
Nodes expanded: 100
Seed value: 289
4 1 5 8 7 9 3 2 6 
9 8 6 2 1 3 7 5 4 
7 3 2 5 4 6 8 1 9 
5 4 8 3 6 7 1 9 2 
1 6 7 9 2 5 4 8 3 
3 2 9 1 8 4 6 7 5 
2 9 4 7 3 1 5 6 8 
8 7 3 6 5 2 9 4 1 
6 5 1 4 9 8 2 3 7 
Duration [seconds]: 0.00635034
Nodes expanded: 100
Seed value: 306
4 1 5 8 7 9 3 2 6 
9 8 6 2 1 3 7 5 4 
7 3 2 5 4 6 8 1 9 
5 4 8 3 6 7 1 9 2 
1 6 7 9 2 5 4 8 3 
3 2 9 1 8 4 6 7 5 
2 9 4 7 3 1 5 6 8 
8 7 3 6 5 2 9 4 1 
6 5 1 4 9 8 2 3 7 
Duration [seconds]: 0.00528189
Nodes expanded: 100
Seed value: 323
4 1 5 8 7 9 3 2 6 
9 8 6 2 1 3 7 5 4 
7 3 2 5 4 6 8 1 9 
5 4 8 3 6 7 1 9 2 
1 6 7 9 2 5 4 8 3 
3 2 9 1 8 4 6 7 5 
2 9 4 7 3 1 5 6 8 
8 7 3 6 5 2 9 4 1 
6 5 1 4 9 8 2 3 7 
Duration [seconds]: 0.00506117
Nodes expanded: 100
Seed value: 340
4 1 5 8 7 9 3 2 6 
9 8 6 2 1 3 7 5 4 
7 3 2 5 4 6 8 1 9 
5 4 8 3 6 7 1 9 2 
1 6 7 9 2 5 4 8 3 
3 2 9 1 8 4 6 7 5 
2 9 4 7 3 1 5 6 8 
8 7 3 6 5 2 9 4 1 
6 5 1 4 9 8 2 3 7 
Duration [seconds]: 0.00433336
Nodes expanded: 100
Seed value: 357
4 1 5 8 7 9 3 2 6 
9 8 6 2 1 3 7 5 4 
7 3 2 5 4 6 8 1 9 
5 4 8 3 6 7 1 9 2 
1 6 7 9 2 5 4 8 3 
3 2 9 1 8 4 6 7 5 
2 9 4 7 3 1 5 6 8 
8 7 3 6 5 2 9 4 1 
6 5 1 4 9 8 2 3 7 
Duration [seconds]: 0.00437492
Nodes expanded: 100
Seed value: 374
4 1 5 8 7 9 3 2 6 
9 8 6 2 1 3 7 5 4 
7 3 2 5 4 6 8 1 9 
5 4 8 3 6 7 1 9 2 
1 6 7 9 2 5 4 8 3 
3 2 9 1 8 4 6 7 5 
2 9 4 7 3 1 5 6 8 
8 7 3 6 5 2 9 4 1 
6 5 1 4 9 8 2 3 7 
Duration [seconds]: 0.00443207
Nodes expanded: 100
Seed value: 391
4 1 5 8 7 9 3 2 6 
9 8 6 2 1 3 7 5 4 
7 3 2 5 4 6 8 1 9 
5 4 8 3 6 7 1 9 2 
1 6 7 9 2 5 4 8 3 
3 2 9 1 8 4 6 7 5 
2 9 4 7 3 1 5 6 8 
8 7 3 6 5 2 9 4 1 
6 5 1 4 9 8 2 3 7 
Duration [seconds]: 0.00438568
Nodes expanded: 100
Seed value: 408
4 1 5 8 7 9 3 2 6 
9 8 6 2 1 3 7 5 4 
7 3 2 5 4 6 8 1 9 
5 4 8 3 6 7 1 9 2 
1 6 7 9 2 5 4 8 3 
3 2 9 1 8 4 6 7 5 
2 9 4 7 3 1 5 6 8 
8 7 3 6 5 2 9 4 1 
6 5 1 4 9 8 2 3 7 
Duration [seconds]: 0.00427415
Nodes expanded: 100
Seed value: 425
4 1 5 8 7 9 3 2 6 
9 8 6 2 1 3 7 5 4 
7 3 2 5 4 6 8 1 9 
5 4 8 3 6 7 1 9 2 
1 6 7 9 2 5 4 8 3 
3 2 9 1 8 4 6 7 5 
2 9 4 7 3 1 5 6 8 
8 7 3 6 5 2 9 4 1 
6 5 1 4 9 8 2 3 7 
Duration [seconds]: 0.00438565
Nodes expanded: 100
Seed value: 442
4 1 5 8 7 9 3 2 6 
9 8 6 2 1 3 7 5 4 
7 3 2 5 4 6 8 1 9 
5 4 8 3 6 7 1 9 2 
1 6 7 9 2 5 4 8 3 
3 2 9 1 8 4 6 7 5 
2 9 4 7 3 1 5 6 8 
8 7 3 6 5 2 9 4 1 
6 5 1 4 9 8 2 3 7 
Duration [seconds]: 0.00424855
Nodes expanded: 100
Seed value: 459
4 1 5 8 7 9 3 2 6 
9 8 6 2 1 3 7 5 4 
7 3 2 5 4 6 8 1 9 
5 4 8 3 6 7 1 9 2 
1 6 7 9 2 5 4 8 3 
3 2 9 1 8 4 6 7 5 
2 9 4 7 3 1 5 6 8 
8 7 3 6 5 2 9 4 1 
6 5 1 4 9 8 2 3 7 
Duration [seconds]: 0.00428949
Nodes expanded: 100
Seed value: 476
4 1 5 8 7 9 3 2 6 
9 8 6 2 1 3 7 5 4 
7 3 2 5 4 6 8 1 9 
5 4 8 3 6 7 1 9 2 
1 6 7 9 2 5 4 8 3 
3 2 9 1 8 4 6 7 5 
2 9 4 7 3 1 5 6 8 
8 7 3 6 5 2 9 4 1 
6 5 1 4 9 8 2 3 7 
Duration [seconds]: 0.00426235
Nodes expanded: 100
Seed value: 493
4 1 5 8 7 9 3 2 6 
9 8 6 2 1 3 7 5 4 
7 3 2 5 4 6 8 1 9 
5 4 8 3 6 7 1 9 2 
1 6 7 9 2 5 4 8 3 
3 2 9 1 8 4 6 7 5 
2 9 4 7 3 1 5 6 8 
8 7 3 6 5 2 9 4 1 
6 5 1 4 9 8 2 3 7 
Duration [seconds]: 0.00437867
Nodes expanded: 100
Seed value: 510
4 1 5 8 7 9 3 2 6 
9 8 6 2 1 3 7 5 4 
7 3 2 5 4 6 8 1 9 
5 4 8 3 6 7 1 9 2 
1 6 7 9 2 5 4 8 3 
3 2 9 1 8 4 6 7 5 
2 9 4 7 3 1 5 6 8 
8 7 3 6 5 2 9 4 1 
6 5 1 4 9 8 2 3 7 
Duration [seconds]: 0.00434284
Nodes expanded: 100
Seed value: 527
4 1 5 8 7 9 3 2 6 
9 8 6 2 1 3 7 5 4 
7 3 2 5 4 6 8 1 9 
5 4 8 3 6 7 1 9 2 
1 6 7 9 2 5 4 8 3 
3 2 9 1 8 4 6 7 5 
2 9 4 7 3 1 5 6 8 
8 7 3 6 5 2 9 4 1 
6 5 1 4 9 8 2 3 7 
Duration [seconds]: 0.00425281
Nodes expanded: 100
Seed value: 544
4 1 5 8 7 9 3 2 6 
9 8 6 2 1 3 7 5 4 
7 3 2 5 4 6 8 1 9 
5 4 8 3 6 7 1 9 2 
1 6 7 9 2 5 4 8 3 
3 2 9 1 8 4 6 7 5 
2 9 4 7 3 1 5 6 8 
8 7 3 6 5 2 9 4 1 
6 5 1 4 9 8 2 3 7 
Duration [seconds]: 0.00423221
Nodes expanded: 100
Seed value: 561
4 1 5 8 7 9 3 2 6 
9 8 6 2 1 3 7 5 4 
7 3 2 5 4 6 8 1 9 
5 4 8 3 6 7 1 9 2 
1 6 7 9 2 5 4 8 3 
3 2 9 1 8 4 6 7 5 
2 9 4 7 3 1 5 6 8 
8 7 3 6 5 2 9 4 1 
6 5 1 4 9 8 2 3 7 
Duration [seconds]: 0.00428551
Nodes expanded: 100
Seed value: 578
4 1 5 8 7 9 3 2 6 
9 8 6 2 1 3 7 5 4 
7 3 2 5 4 6 8 1 9 
5 4 8 3 6 7 1 9 2 
1 6 7 9 2 5 4 8 3 
3 2 9 1 8 4 6 7 5 
2 9 4 7 3 1 5 6 8 
8 7 3 6 5 2 9 4 1 
6 5 1 4 9 8 2 3 7 
Duration [seconds]: 0.00424048
Nodes expanded: 100
Seed value: 595
4 1 5 8 7 9 3 2 6 
9 8 6 2 1 3 7 5 4 
7 3 2 5 4 6 8 1 9 
5 4 8 3 6 7 1 9 2 
1 6 7 9 2 5 4 8 3 
3 2 9 1 8 4 6 7 5 
2 9 4 7 3 1 5 6 8 
8 7 3 6 5 2 9 4 1 
6 5 1 4 9 8 2 3 7 
Duration [seconds]: 0.00424374
Nodes expanded: 100
Seed value: 612
4 1 5 8 7 9 3 2 6 
9 8 6 2 1 3 7 5 4 
7 3 2 5 4 6 8 1 9 
5 4 8 3 6 7 1 9 2 
1 6 7 9 2 5 4 8 3 
3 2 9 1 8 4 6 7 5 
2 9 4 7 3 1 5 6 8 
8 7 3 6 5 2 9 4 1 
6 5 1 4 9 8 2 3 7 
Duration [seconds]: 0.00434112
Nodes expanded: 100
Seed value: 629
4 1 5 8 7 9 3 2 6 
9 8 6 2 1 3 7 5 4 
7 3 2 5 4 6 8 1 9 
5 4 8 3 6 7 1 9 2 
1 6 7 9 2 5 4 8 3 
3 2 9 1 8 4 6 7 5 
2 9 4 7 3 1 5 6 8 
8 7 3 6 5 2 9 4 1 
6 5 1 4 9 8 2 3 7 
Duration [seconds]: 0.0042588
Nodes expanded: 100
Seed value: 646
4 1 5 8 7 9 3 2 6 
9 8 6 2 1 3 7 5 4 
7 3 2 5 4 6 8 1 9 
5 4 8 3 6 7 1 9 2 
1 6 7 9 2 5 4 8 3 
3 2 9 1 8 4 6 7 5 
2 9 4 7 3 1 5 6 8 
8 7 3 6 5 2 9 4 1 
6 5 1 4 9 8 2 3 7 
Duration [seconds]: 0.00428624
Nodes expanded: 100
Seed value: 663
4 1 5 8 7 9 3 2 6 
9 8 6 2 1 3 7 5 4 
7 3 2 5 4 6 8 1 9 
5 4 8 3 6 7 1 9 2 
1 6 7 9 2 5 4 8 3 
3 2 9 1 8 4 6 7 5 
2 9 4 7 3 1 5 6 8 
8 7 3 6 5 2 9 4 1 
6 5 1 4 9 8 2 3 7 
Duration [seconds]: 0.00426324
Nodes expanded: 100
Seed value: 680
4 1 5 8 7 9 3 2 6 
9 8 6 2 1 3 7 5 4 
7 3 2 5 4 6 8 1 9 
5 4 8 3 6 7 1 9 2 
1 6 7 9 2 5 4 8 3 
3 2 9 1 8 4 6 7 5 
2 9 4 7 3 1 5 6 8 
8 7 3 6 5 2 9 4 1 
6 5 1 4 9 8 2 3 7 
Duration [seconds]: 0.00425347
Nodes expanded: 100
Seed value: 697
4 1 5 8 7 9 3 2 6 
9 8 6 2 1 3 7 5 4 
7 3 2 5 4 6 8 1 9 
5 4 8 3 6 7 1 9 2 
1 6 7 9 2 5 4 8 3 
3 2 9 1 8 4 6 7 5 
2 9 4 7 3 1 5 6 8 
8 7 3 6 5 2 9 4 1 
6 5 1 4 9 8 2 3 7 
Duration [seconds]: 0.00448224
Nodes expanded: 100
Seed value: 714
4 1 5 8 7 9 3 2 6 
9 8 6 2 1 3 7 5 4 
7 3 2 5 4 6 8 1 9 
5 4 8 3 6 7 1 9 2 
1 6 7 9 2 5 4 8 3 
3 2 9 1 8 4 6 7 5 
2 9 4 7 3 1 5 6 8 
8 7 3 6 5 2 9 4 1 
6 5 1 4 9 8 2 3 7 
Duration [seconds]: 0.00423405
Nodes expanded: 100
Seed value: 731
4 1 5 8 7 9 3 2 6 
9 8 6 2 1 3 7 5 4 
7 3 2 5 4 6 8 1 9 
5 4 8 3 6 7 1 9 2 
1 6 7 9 2 5 4 8 3 
3 2 9 1 8 4 6 7 5 
2 9 4 7 3 1 5 6 8 
8 7 3 6 5 2 9 4 1 
6 5 1 4 9 8 2 3 7 
Duration [seconds]: 0.00428904
Nodes expanded: 100
Seed value: 748
4 1 5 8 7 9 3 2 6 
9 8 6 2 1 3 7 5 4 
7 3 2 5 4 6 8 1 9 
5 4 8 3 6 7 1 9 2 
1 6 7 9 2 5 4 8 3 
3 2 9 1 8 4 6 7 5 
2 9 4 7 3 1 5 6 8 
8 7 3 6 5 2 9 4 1 
6 5 1 4 9 8 2 3 7 
Duration [seconds]: 0.00424947
Nodes expanded: 100
Seed value: 765
4 1 5 8 7 9 3 2 6 
9 8 6 2 1 3 7 5 4 
7 3 2 5 4 6 8 1 9 
5 4 8 3 6 7 1 9 2 
1 6 7 9 2 5 4 8 3 
3 2 9 1 8 4 6 7 5 
2 9 4 7 3 1 5 6 8 
8 7 3 6 5 2 9 4 1 
6 5 1 4 9 8 2 3 7 
Duration [seconds]: 0.00422368
Nodes expanded: 100
Seed value: 782
4 1 5 8 7 9 3 2 6 
9 8 6 2 1 3 7 5 4 
7 3 2 5 4 6 8 1 9 
5 4 8 3 6 7 1 9 2 
1 6 7 9 2 5 4 8 3 
3 2 9 1 8 4 6 7 5 
2 9 4 7 3 1 5 6 8 
8 7 3 6 5 2 9 4 1 
6 5 1 4 9 8 2 3 7 
Duration [seconds]: 0.0042825
Nodes expanded: 100
Seed value: 799
4 1 5 8 7 9 3 2 6 
9 8 6 2 1 3 7 5 4 
7 3 2 5 4 6 8 1 9 
5 4 8 3 6 7 1 9 2 
1 6 7 9 2 5 4 8 3 
3 2 9 1 8 4 6 7 5 
2 9 4 7 3 1 5 6 8 
8 7 3 6 5 2 9 4 1 
6 5 1 4 9 8 2 3 7 
Duration [seconds]: 0.00428558
Nodes expanded: 100
Seed value: 816
4 1 5 8 7 9 3 2 6 
9 8 6 2 1 3 7 5 4 
7 3 2 5 4 6 8 1 9 
5 4 8 3 6 7 1 9 2 
1 6 7 9 2 5 4 8 3 
3 2 9 1 8 4 6 7 5 
2 9 4 7 3 1 5 6 8 
8 7 3 6 5 2 9 4 1 
6 5 1 4 9 8 2 3 7 
Duration [seconds]: 0.00425412
Nodes expanded: 100
Seed value: 833
4 1 5 8 7 9 3 2 6 
9 8 6 2 1 3 7 5 4 
7 3 2 5 4 6 8 1 9 
5 4 8 3 6 7 1 9 2 
1 6 7 9 2 5 4 8 3 
3 2 9 1 8 4 6 7 5 
2 9 4 7 3 1 5 6 8 
8 7 3 6 5 2 9 4 1 
6 5 1 4 9 8 2 3 7 
Duration [seconds]: 0.00444917
Nodes expanded: 100
Seed value: 850
4 1 5 8 7 9 3 2 6 
9 8 6 2 1 3 7 5 4 
7 3 2 5 4 6 8 1 9 
5 4 8 3 6 7 1 9 2 
1 6 7 9 2 5 4 8 3 
3 2 9 1 8 4 6 7 5 
2 9 4 7 3 1 5 6 8 
8 7 3 6 5 2 9 4 1 
6 5 1 4 9 8 2 3 7 
Duration [seconds]: 0.00422668
Nodes expanded: 100
Runtimes (s): 0.013297,0.0152969,0.0124089,0.0128667,0.0125669,0.012652,0.0131605,0.0129948,0.0129329,0.0125714,0.0127853,0.0125867,0.0125486,0.0125292,0.0125401,0.00875585,0.00635034,0.00528189,0.00506117,0.00433336,0.00437492,0.00443207,0.00438568,0.00427415,0.00438565,0.00424855,0.00428949,0.00426235,0.00437867,0.00434284,0.00425281,0.00423221,0.00428551,0.00424048,0.00424374,0.00434112,0.0042588,0.00428624,0.00426324,0.00425347,0.00448224,0.00423405,0.00428904,0.00424947,0.00422368,0.0042825,0.00428558,0.00425412,0.00444917,0.00422668,
Runtimes average (s): 0.0070505806
Runtimes standard deviation (s): 0.0039190897960319

Nodes expanded: 100,100,100,100,100,100,100,100,100,100,100,100,100,100,100,100,100,100,100,100,100,100,100,100,100,100,100,100,100,100,100,100,100,100,100,100,100,100,100,100,100,100,100,100,100,100,100,100,100,100,
Nodes expanded average: 100
Nodes expanded standard deviation: 0
