Seed value: 17
1 8 7 6 3 4 9 2 5 
4 6 2 5 8 9 1 3 7 
3 9 5 7 1 2 8 6 4 
9 7 6 1 4 8 3 5 2 
5 4 1 2 7 3 6 9 8 
8 2 3 9 5 6 4 7 1 
6 1 9 8 2 7 5 4 3 
7 3 8 4 9 5 2 1 6 
2 5 4 3 6 1 7 8 9 
Duration [seconds]: 0.0183118
Nodes expanded: 192
Seed value: 34
1 8 7 6 3 4 9 2 5 
4 6 2 5 8 9 1 3 7 
3 9 5 7 1 2 8 6 4 
9 7 6 1 4 8 3 5 2 
5 4 1 2 7 3 6 9 8 
8 2 3 9 5 6 4 7 1 
6 1 9 8 2 7 5 4 3 
7 3 8 4 9 5 2 1 6 
2 5 4 3 6 1 7 8 9 
Duration [seconds]: 0.0163845
Nodes expanded: 192
Seed value: 51
1 8 7 6 3 4 9 2 5 
4 6 2 5 8 9 1 3 7 
3 9 5 7 1 2 8 6 4 
9 7 6 1 4 8 3 5 2 
5 4 1 2 7 3 6 9 8 
8 2 3 9 5 6 4 7 1 
6 1 9 8 2 7 5 4 3 
7 3 8 4 9 5 2 1 6 
2 5 4 3 6 1 7 8 9 
Duration [seconds]: 0.0158704
Nodes expanded: 192
Seed value: 68
1 8 7 6 3 4 9 2 5 
4 6 2 5 8 9 1 3 7 
3 9 5 7 1 2 8 6 4 
9 7 6 1 4 8 3 5 2 
5 4 1 2 7 3 6 9 8 
8 2 3 9 5 6 4 7 1 
6 1 9 8 2 7 5 4 3 
7 3 8 4 9 5 2 1 6 
2 5 4 3 6 1 7 8 9 
Duration [seconds]: 0.0170614
Nodes expanded: 192
Seed value: 85
1 8 7 6 3 4 9 2 5 
4 6 2 5 8 9 1 3 7 
3 9 5 7 1 2 8 6 4 
9 7 6 1 4 8 3 5 2 
5 4 1 2 7 3 6 9 8 
8 2 3 9 5 6 4 7 1 
6 1 9 8 2 7 5 4 3 
7 3 8 4 9 5 2 1 6 
2 5 4 3 6 1 7 8 9 
Duration [seconds]: 0.0157014
Nodes expanded: 192
Seed value: 102
1 8 7 6 3 4 9 2 5 
4 6 2 5 8 9 1 3 7 
3 9 5 7 1 2 8 6 4 
9 7 6 1 4 8 3 5 2 
5 4 1 2 7 3 6 9 8 
8 2 3 9 5 6 4 7 1 
6 1 9 8 2 7 5 4 3 
7 3 8 4 9 5 2 1 6 
2 5 4 3 6 1 7 8 9 
Duration [seconds]: 0.0160511
Nodes expanded: 192
Seed value: 119
1 8 7 6 3 4 9 2 5 
4 6 2 5 8 9 1 3 7 
3 9 5 7 1 2 8 6 4 
9 7 6 1 4 8 3 5 2 
5 4 1 2 7 3 6 9 8 
8 2 3 9 5 6 4 7 1 
6 1 9 8 2 7 5 4 3 
7 3 8 4 9 5 2 1 6 
2 5 4 3 6 1 7 8 9 
Duration [seconds]: 0.0108323
Nodes expanded: 192
Seed value: 136
1 8 7 6 3 4 9 2 5 
4 6 2 5 8 9 1 3 7 
3 9 5 7 1 2 8 6 4 
9 7 6 1 4 8 3 5 2 
5 4 1 2 7 3 6 9 8 
8 2 3 9 5 6 4 7 1 
6 1 9 8 2 7 5 4 3 
7 3 8 4 9 5 2 1 6 
2 5 4 3 6 1 7 8 9 
Duration [seconds]: 0.00793496
Nodes expanded: 192
Seed value: 153
1 8 7 6 3 4 9 2 5 
4 6 2 5 8 9 1 3 7 
3 9 5 7 1 2 8 6 4 
9 7 6 1 4 8 3 5 2 
5 4 1 2 7 3 6 9 8 
8 2 3 9 5 6 4 7 1 
6 1 9 8 2 7 5 4 3 
7 3 8 4 9 5 2 1 6 
2 5 4 3 6 1 7 8 9 
Duration [seconds]: 0.00663349
Nodes expanded: 192
Seed value: 170
1 8 7 6 3 4 9 2 5 
4 6 2 5 8 9 1 3 7 
3 9 5 7 1 2 8 6 4 
9 7 6 1 4 8 3 5 2 
5 4 1 2 7 3 6 9 8 
8 2 3 9 5 6 4 7 1 
6 1 9 8 2 7 5 4 3 
7 3 8 4 9 5 2 1 6 
2 5 4 3 6 1 7 8 9 
Duration [seconds]: 0.00679329
Nodes expanded: 192
Seed value: 187
1 8 7 6 3 4 9 2 5 
4 6 2 5 8 9 1 3 7 
3 9 5 7 1 2 8 6 4 
9 7 6 1 4 8 3 5 2 
5 4 1 2 7 3 6 9 8 
8 2 3 9 5 6 4 7 1 
6 1 9 8 2 7 5 4 3 
7 3 8 4 9 5 2 1 6 
2 5 4 3 6 1 7 8 9 
Duration [seconds]: 0.00632479
Nodes expanded: 192
Seed value: 204
1 8 7 6 3 4 9 2 5 
4 6 2 5 8 9 1 3 7 
3 9 5 7 1 2 8 6 4 
9 7 6 1 4 8 3 5 2 
5 4 1 2 7 3 6 9 8 
8 2 3 9 5 6 4 7 1 
6 1 9 8 2 7 5 4 3 
7 3 8 4 9 5 2 1 6 
2 5 4 3 6 1 7 8 9 
Duration [seconds]: 0.00623998
Nodes expanded: 192
Seed value: 221
1 8 7 6 3 4 9 2 5 
4 6 2 5 8 9 1 3 7 
3 9 5 7 1 2 8 6 4 
9 7 6 1 4 8 3 5 2 
5 4 1 2 7 3 6 9 8 
8 2 3 9 5 6 4 7 1 
6 1 9 8 2 7 5 4 3 
7 3 8 4 9 5 2 1 6 
2 5 4 3 6 1 7 8 9 
Duration [seconds]: 0.00604564
Nodes expanded: 192
Seed value: 238
1 8 7 6 3 4 9 2 5 
4 6 2 5 8 9 1 3 7 
3 9 5 7 1 2 8 6 4 
9 7 6 1 4 8 3 5 2 
5 4 1 2 7 3 6 9 8 
8 2 3 9 5 6 4 7 1 
6 1 9 8 2 7 5 4 3 
7 3 8 4 9 5 2 1 6 
2 5 4 3 6 1 7 8 9 
Duration [seconds]: 0.00622665
Nodes expanded: 192
Seed value: 255
1 8 7 6 3 4 9 2 5 
4 6 2 5 8 9 1 3 7 
3 9 5 7 1 2 8 6 4 
9 7 6 1 4 8 3 5 2 
5 4 1 2 7 3 6 9 8 
8 2 3 9 5 6 4 7 1 
6 1 9 8 2 7 5 4 3 
7 3 8 4 9 5 2 1 6 
2 5 4 3 6 1 7 8 9 
Duration [seconds]: 0.00663
Nodes expanded: 192
Seed value: 272
1 8 7 6 3 4 9 2 5 
4 6 2 5 8 9 1 3 7 
3 9 5 7 1 2 8 6 4 
9 7 6 1 4 8 3 5 2 
5 4 1 2 7 3 6 9 8 
8 2 3 9 5 6 4 7 1 
6 1 9 8 2 7 5 4 3 
7 3 8 4 9 5 2 1 6 
2 5 4 3 6 1 7 8 9 
Duration [seconds]: 0.00608148
Nodes expanded: 192
Seed value: 289
1 8 7 6 3 4 9 2 5 
4 6 2 5 8 9 1 3 7 
3 9 5 7 1 2 8 6 4 
9 7 6 1 4 8 3 5 2 
5 4 1 2 7 3 6 9 8 
8 2 3 9 5 6 4 7 1 
6 1 9 8 2 7 5 4 3 
7 3 8 4 9 5 2 1 6 
2 5 4 3 6 1 7 8 9 
Duration [seconds]: 0.00602566
Nodes expanded: 192
Seed value: 306
1 8 7 6 3 4 9 2 5 
4 6 2 5 8 9 1 3 7 
3 9 5 7 1 2 8 6 4 
9 7 6 1 4 8 3 5 2 
5 4 1 2 7 3 6 9 8 
8 2 3 9 5 6 4 7 1 
6 1 9 8 2 7 5 4 3 
7 3 8 4 9 5 2 1 6 
2 5 4 3 6 1 7 8 9 
Duration [seconds]: 0.00650317
Nodes expanded: 192
Seed value: 323
1 8 7 6 3 4 9 2 5 
4 6 2 5 8 9 1 3 7 
3 9 5 7 1 2 8 6 4 
9 7 6 1 4 8 3 5 2 
5 4 1 2 7 3 6 9 8 
8 2 3 9 5 6 4 7 1 
6 1 9 8 2 7 5 4 3 
7 3 8 4 9 5 2 1 6 
2 5 4 3 6 1 7 8 9 
Duration [seconds]: 0.00635202
Nodes expanded: 192
Seed value: 340
1 8 7 6 3 4 9 2 5 
4 6 2 5 8 9 1 3 7 
3 9 5 7 1 2 8 6 4 
9 7 6 1 4 8 3 5 2 
5 4 1 2 7 3 6 9 8 
8 2 3 9 5 6 4 7 1 
6 1 9 8 2 7 5 4 3 
7 3 8 4 9 5 2 1 6 
2 5 4 3 6 1 7 8 9 
Duration [seconds]: 0.00618415
Nodes expanded: 192
Seed value: 357
1 8 7 6 3 4 9 2 5 
4 6 2 5 8 9 1 3 7 
3 9 5 7 1 2 8 6 4 
9 7 6 1 4 8 3 5 2 
5 4 1 2 7 3 6 9 8 
8 2 3 9 5 6 4 7 1 
6 1 9 8 2 7 5 4 3 
7 3 8 4 9 5 2 1 6 
2 5 4 3 6 1 7 8 9 
Duration [seconds]: 0.00634883
Nodes expanded: 192
Seed value: 374
1 8 7 6 3 4 9 2 5 
4 6 2 5 8 9 1 3 7 
3 9 5 7 1 2 8 6 4 
9 7 6 1 4 8 3 5 2 
5 4 1 2 7 3 6 9 8 
8 2 3 9 5 6 4 7 1 
6 1 9 8 2 7 5 4 3 
7 3 8 4 9 5 2 1 6 
2 5 4 3 6 1 7 8 9 
Duration [seconds]: 0.00616255
Nodes expanded: 192
Seed value: 391
1 8 7 6 3 4 9 2 5 
4 6 2 5 8 9 1 3 7 
3 9 5 7 1 2 8 6 4 
9 7 6 1 4 8 3 5 2 
5 4 1 2 7 3 6 9 8 
8 2 3 9 5 6 4 7 1 
6 1 9 8 2 7 5 4 3 
7 3 8 4 9 5 2 1 6 
2 5 4 3 6 1 7 8 9 
Duration [seconds]: 0.00617436
Nodes expanded: 192
Seed value: 408
1 8 7 6 3 4 9 2 5 
4 6 2 5 8 9 1 3 7 
3 9 5 7 1 2 8 6 4 
9 7 6 1 4 8 3 5 2 
5 4 1 2 7 3 6 9 8 
8 2 3 9 5 6 4 7 1 
6 1 9 8 2 7 5 4 3 
7 3 8 4 9 5 2 1 6 
2 5 4 3 6 1 7 8 9 
Duration [seconds]: 0.00657253
Nodes expanded: 192
Seed value: 425
1 8 7 6 3 4 9 2 5 
4 6 2 5 8 9 1 3 7 
3 9 5 7 1 2 8 6 4 
9 7 6 1 4 8 3 5 2 
5 4 1 2 7 3 6 9 8 
8 2 3 9 5 6 4 7 1 
6 1 9 8 2 7 5 4 3 
7 3 8 4 9 5 2 1 6 
2 5 4 3 6 1 7 8 9 
Duration [seconds]: 0.00609848
Nodes expanded: 192
Seed value: 442
1 8 7 6 3 4 9 2 5 
4 6 2 5 8 9 1 3 7 
3 9 5 7 1 2 8 6 4 
9 7 6 1 4 8 3 5 2 
5 4 1 2 7 3 6 9 8 
8 2 3 9 5 6 4 7 1 
6 1 9 8 2 7 5 4 3 
7 3 8 4 9 5 2 1 6 
2 5 4 3 6 1 7 8 9 
Duration [seconds]: 0.00601683
Nodes expanded: 192
Seed value: 459
1 8 7 6 3 4 9 2 5 
4 6 2 5 8 9 1 3 7 
3 9 5 7 1 2 8 6 4 
9 7 6 1 4 8 3 5 2 
5 4 1 2 7 3 6 9 8 
8 2 3 9 5 6 4 7 1 
6 1 9 8 2 7 5 4 3 
7 3 8 4 9 5 2 1 6 
2 5 4 3 6 1 7 8 9 
Duration [seconds]: 0.00639168
Nodes expanded: 192
Seed value: 476
1 8 7 6 3 4 9 2 5 
4 6 2 5 8 9 1 3 7 
3 9 5 7 1 2 8 6 4 
9 7 6 1 4 8 3 5 2 
5 4 1 2 7 3 6 9 8 
8 2 3 9 5 6 4 7 1 
6 1 9 8 2 7 5 4 3 
7 3 8 4 9 5 2 1 6 
2 5 4 3 6 1 7 8 9 
Duration [seconds]: 0.00600776
Nodes expanded: 192
Seed value: 493
1 8 7 6 3 4 9 2 5 
4 6 2 5 8 9 1 3 7 
3 9 5 7 1 2 8 6 4 
9 7 6 1 4 8 3 5 2 
5 4 1 2 7 3 6 9 8 
8 2 3 9 5 6 4 7 1 
6 1 9 8 2 7 5 4 3 
7 3 8 4 9 5 2 1 6 
2 5 4 3 6 1 7 8 9 
Duration [seconds]: 0.00760971
Nodes expanded: 192
Seed value: 510
1 8 7 6 3 4 9 2 5 
4 6 2 5 8 9 1 3 7 
3 9 5 7 1 2 8 6 4 
9 7 6 1 4 8 3 5 2 
5 4 1 2 7 3 6 9 8 
8 2 3 9 5 6 4 7 1 
6 1 9 8 2 7 5 4 3 
7 3 8 4 9 5 2 1 6 
2 5 4 3 6 1 7 8 9 
Duration [seconds]: 0.0060188
Nodes expanded: 192
Seed value: 527
1 8 7 6 3 4 9 2 5 
4 6 2 5 8 9 1 3 7 
3 9 5 7 1 2 8 6 4 
9 7 6 1 4 8 3 5 2 
5 4 1 2 7 3 6 9 8 
8 2 3 9 5 6 4 7 1 
6 1 9 8 2 7 5 4 3 
7 3 8 4 9 5 2 1 6 
2 5 4 3 6 1 7 8 9 
Duration [seconds]: 0.00611057
Nodes expanded: 192
Seed value: 544
1 8 7 6 3 4 9 2 5 
4 6 2 5 8 9 1 3 7 
3 9 5 7 1 2 8 6 4 
9 7 6 1 4 8 3 5 2 
5 4 1 2 7 3 6 9 8 
8 2 3 9 5 6 4 7 1 
6 1 9 8 2 7 5 4 3 
7 3 8 4 9 5 2 1 6 
2 5 4 3 6 1 7 8 9 
Duration [seconds]: 0.00672541
Nodes expanded: 192
Seed value: 561
1 8 7 6 3 4 9 2 5 
4 6 2 5 8 9 1 3 7 
3 9 5 7 1 2 8 6 4 
9 7 6 1 4 8 3 5 2 
5 4 1 2 7 3 6 9 8 
8 2 3 9 5 6 4 7 1 
6 1 9 8 2 7 5 4 3 
7 3 8 4 9 5 2 1 6 
2 5 4 3 6 1 7 8 9 
Duration [seconds]: 0.00603472
Nodes expanded: 192
Seed value: 578
1 8 7 6 3 4 9 2 5 
4 6 2 5 8 9 1 3 7 
3 9 5 7 1 2 8 6 4 
9 7 6 1 4 8 3 5 2 
5 4 1 2 7 3 6 9 8 
8 2 3 9 5 6 4 7 1 
6 1 9 8 2 7 5 4 3 
7 3 8 4 9 5 2 1 6 
2 5 4 3 6 1 7 8 9 
Duration [seconds]: 0.00600487
Nodes expanded: 192
Seed value: 595
1 8 7 6 3 4 9 2 5 
4 6 2 5 8 9 1 3 7 
3 9 5 7 1 2 8 6 4 
9 7 6 1 4 8 3 5 2 
5 4 1 2 7 3 6 9 8 
8 2 3 9 5 6 4 7 1 
6 1 9 8 2 7 5 4 3 
7 3 8 4 9 5 2 1 6 
2 5 4 3 6 1 7 8 9 
Duration [seconds]: 0.00657369
Nodes expanded: 192
Seed value: 612
1 8 7 6 3 4 9 2 5 
4 6 2 5 8 9 1 3 7 
3 9 5 7 1 2 8 6 4 
9 7 6 1 4 8 3 5 2 
5 4 1 2 7 3 6 9 8 
8 2 3 9 5 6 4 7 1 
6 1 9 8 2 7 5 4 3 
7 3 8 4 9 5 2 1 6 
2 5 4 3 6 1 7 8 9 
Duration [seconds]: 0.0059921
Nodes expanded: 192
Seed value: 629
1 8 7 6 3 4 9 2 5 
4 6 2 5 8 9 1 3 7 
3 9 5 7 1 2 8 6 4 
9 7 6 1 4 8 3 5 2 
5 4 1 2 7 3 6 9 8 
8 2 3 9 5 6 4 7 1 
6 1 9 8 2 7 5 4 3 
7 3 8 4 9 5 2 1 6 
2 5 4 3 6 1 7 8 9 
Duration [seconds]: 0.00644524
Nodes expanded: 192
Seed value: 646
1 8 7 6 3 4 9 2 5 
4 6 2 5 8 9 1 3 7 
3 9 5 7 1 2 8 6 4 
9 7 6 1 4 8 3 5 2 
5 4 1 2 7 3 6 9 8 
8 2 3 9 5 6 4 7 1 
6 1 9 8 2 7 5 4 3 
7 3 8 4 9 5 2 1 6 
2 5 4 3 6 1 7 8 9 
Duration [seconds]: 0.0060407
Nodes expanded: 192
Seed value: 663
1 8 7 6 3 4 9 2 5 
4 6 2 5 8 9 1 3 7 
3 9 5 7 1 2 8 6 4 
9 7 6 1 4 8 3 5 2 
5 4 1 2 7 3 6 9 8 
8 2 3 9 5 6 4 7 1 
6 1 9 8 2 7 5 4 3 
7 3 8 4 9 5 2 1 6 
2 5 4 3 6 1 7 8 9 
Duration [seconds]: 0.00645439
Nodes expanded: 192
Seed value: 680
1 8 7 6 3 4 9 2 5 
4 6 2 5 8 9 1 3 7 
3 9 5 7 1 2 8 6 4 
9 7 6 1 4 8 3 5 2 
5 4 1 2 7 3 6 9 8 
8 2 3 9 5 6 4 7 1 
6 1 9 8 2 7 5 4 3 
7 3 8 4 9 5 2 1 6 
2 5 4 3 6 1 7 8 9 
Duration [seconds]: 0.00652749
Nodes expanded: 192
Seed value: 697
1 8 7 6 3 4 9 2 5 
4 6 2 5 8 9 1 3 7 
3 9 5 7 1 2 8 6 4 
9 7 6 1 4 8 3 5 2 
5 4 1 2 7 3 6 9 8 
8 2 3 9 5 6 4 7 1 
6 1 9 8 2 7 5 4 3 
7 3 8 4 9 5 2 1 6 
2 5 4 3 6 1 7 8 9 
Duration [seconds]: 0.00601792
Nodes expanded: 192
Seed value: 714
1 8 7 6 3 4 9 2 5 
4 6 2 5 8 9 1 3 7 
3 9 5 7 1 2 8 6 4 
9 7 6 1 4 8 3 5 2 
5 4 1 2 7 3 6 9 8 
8 2 3 9 5 6 4 7 1 
6 1 9 8 2 7 5 4 3 
7 3 8 4 9 5 2 1 6 
2 5 4 3 6 1 7 8 9 
Duration [seconds]: 0.00601288
Nodes expanded: 192
Seed value: 731
1 8 7 6 3 4 9 2 5 
4 6 2 5 8 9 1 3 7 
3 9 5 7 1 2 8 6 4 
9 7 6 1 4 8 3 5 2 
5 4 1 2 7 3 6 9 8 
8 2 3 9 5 6 4 7 1 
6 1 9 8 2 7 5 4 3 
7 3 8 4 9 5 2 1 6 
2 5 4 3 6 1 7 8 9 
Duration [seconds]: 0.00716538
Nodes expanded: 192
Seed value: 748
1 8 7 6 3 4 9 2 5 
4 6 2 5 8 9 1 3 7 
3 9 5 7 1 2 8 6 4 
9 7 6 1 4 8 3 5 2 
5 4 1 2 7 3 6 9 8 
8 2 3 9 5 6 4 7 1 
6 1 9 8 2 7 5 4 3 
7 3 8 4 9 5 2 1 6 
2 5 4 3 6 1 7 8 9 
Duration [seconds]: 0.0062089
Nodes expanded: 192
Seed value: 765
1 8 7 6 3 4 9 2 5 
4 6 2 5 8 9 1 3 7 
3 9 5 7 1 2 8 6 4 
9 7 6 1 4 8 3 5 2 
5 4 1 2 7 3 6 9 8 
8 2 3 9 5 6 4 7 1 
6 1 9 8 2 7 5 4 3 
7 3 8 4 9 5 2 1 6 
2 5 4 3 6 1 7 8 9 
Duration [seconds]: 0.00630319
Nodes expanded: 192
Seed value: 782
1 8 7 6 3 4 9 2 5 
4 6 2 5 8 9 1 3 7 
3 9 5 7 1 2 8 6 4 
9 7 6 1 4 8 3 5 2 
5 4 1 2 7 3 6 9 8 
8 2 3 9 5 6 4 7 1 
6 1 9 8 2 7 5 4 3 
7 3 8 4 9 5 2 1 6 
2 5 4 3 6 1 7 8 9 
Duration [seconds]: 0.00658623
Nodes expanded: 192
Seed value: 799
1 8 7 6 3 4 9 2 5 
4 6 2 5 8 9 1 3 7 
3 9 5 7 1 2 8 6 4 
9 7 6 1 4 8 3 5 2 
5 4 1 2 7 3 6 9 8 
8 2 3 9 5 6 4 7 1 
6 1 9 8 2 7 5 4 3 
7 3 8 4 9 5 2 1 6 
2 5 4 3 6 1 7 8 9 
Duration [seconds]: 0.00614541
Nodes expanded: 192
Seed value: 816
1 8 7 6 3 4 9 2 5 
4 6 2 5 8 9 1 3 7 
3 9 5 7 1 2 8 6 4 
9 7 6 1 4 8 3 5 2 
5 4 1 2 7 3 6 9 8 
8 2 3 9 5 6 4 7 1 
6 1 9 8 2 7 5 4 3 
7 3 8 4 9 5 2 1 6 
2 5 4 3 6 1 7 8 9 
Duration [seconds]: 0.00666503
Nodes expanded: 192
Seed value: 833
1 8 7 6 3 4 9 2 5 
4 6 2 5 8 9 1 3 7 
3 9 5 7 1 2 8 6 4 
9 7 6 1 4 8 3 5 2 
5 4 1 2 7 3 6 9 8 
8 2 3 9 5 6 4 7 1 
6 1 9 8 2 7 5 4 3 
7 3 8 4 9 5 2 1 6 
2 5 4 3 6 1 7 8 9 
Duration [seconds]: 0.00603413
Nodes expanded: 192
Seed value: 850
1 8 7 6 3 4 9 2 5 
4 6 2 5 8 9 1 3 7 
3 9 5 7 1 2 8 6 4 
9 7 6 1 4 8 3 5 2 
5 4 1 2 7 3 6 9 8 
8 2 3 9 5 6 4 7 1 
6 1 9 8 2 7 5 4 3 
7 3 8 4 9 5 2 1 6 
2 5 4 3 6 1 7 8 9 
Duration [seconds]: 0.00647741
Nodes expanded: 192
Runtimes (s): 0.0183118,0.0163845,0.0158704,0.0170614,0.0157014,0.0160511,0.0108323,0.00793496,0.00663349,0.00679329,0.00632479,0.00623998,0.00604564,0.00622665,0.00663,0.00608148,0.00602566,0.00650317,0.00635202,0.00618415,0.00634883,0.00616255,0.00617436,0.00657253,0.00609848,0.00601683,0.00639168,0.00600776,0.00760971,0.0060188,0.00611057,0.00672541,0.00603472,0.00600487,0.00657369,0.0059921,0.00644524,0.0060407,0.00645439,0.00652749,0.00601792,0.00601288,0.00716538,0.0062089,0.00630319,0.00658623,0.00614541,0.00666503,0.00603413,0.00647741,
Runtimes average (s):  0.0076823074
Runtimes standard deviation (s): 0.0033744158044413

Nodes expanded: 192,192,192,192,192,192,192,192,192,192,192,192,192,192,192,192,192,192,192,192,192,192,192,192,192,192,192,192,192,192,192,192,192,192,192,192,192,192,192,192,192,192,192,192,192,192,192,192,192,192,
Nodes expanded average: 192
Nodes expanded standard deviation: 0
