Seed value: 17
8 3 9 6 5 4 1 2 7 
4 6 7 8 2 1 9 5 3 
5 2 1 7 3 9 6 8 4 
6 1 5 3 8 2 7 4 9 
9 7 2 4 6 5 8 3 1 
3 4 8 1 9 7 5 6 2 
7 8 4 2 1 6 3 9 5 
1 5 6 9 4 3 2 7 8 
2 9 3 5 7 8 4 1 6 
Duration [seconds]: 0.00767641
Nodes expanded: 100
Seed value: 34
8 3 9 6 5 4 1 2 7 
4 6 7 8 2 1 9 5 3 
5 2 1 7 3 9 6 8 4 
6 1 5 3 8 2 7 4 9 
9 7 2 4 6 5 8 3 1 
3 4 8 1 9 7 5 6 2 
7 8 4 2 1 6 3 9 5 
1 5 6 9 4 3 2 7 8 
2 9 3 5 7 8 4 1 6 
Duration [seconds]: 0.00745634
Nodes expanded: 100
Seed value: 51
8 3 9 6 5 4 1 2 7 
4 6 7 8 2 1 9 5 3 
5 2 1 7 3 9 6 8 4 
6 1 5 3 8 2 7 4 9 
9 7 2 4 6 5 8 3 1 
3 4 8 1 9 7 5 6 2 
7 8 4 2 1 6 3 9 5 
1 5 6 9 4 3 2 7 8 
2 9 3 5 7 8 4 1 6 
Duration [seconds]: 0.00742432
Nodes expanded: 100
Seed value: 68
8 3 9 6 5 4 1 2 7 
4 6 7 8 2 1 9 5 3 
5 2 1 7 3 9 6 8 4 
6 1 5 3 8 2 7 4 9 
9 7 2 4 6 5 8 3 1 
3 4 8 1 9 7 5 6 2 
7 8 4 2 1 6 3 9 5 
1 5 6 9 4 3 2 7 8 
2 9 3 5 7 8 4 1 6 
Duration [seconds]: 0.00748476
Nodes expanded: 100
Seed value: 85
8 3 9 6 5 4 1 2 7 
4 6 7 8 2 1 9 5 3 
5 2 1 7 3 9 6 8 4 
6 1 5 3 8 2 7 4 9 
9 7 2 4 6 5 8 3 1 
3 4 8 1 9 7 5 6 2 
7 8 4 2 1 6 3 9 5 
1 5 6 9 4 3 2 7 8 
2 9 3 5 7 8 4 1 6 
Duration [seconds]: 0.00743901
Nodes expanded: 100
Seed value: 102
8 3 9 6 5 4 1 2 7 
4 6 7 8 2 1 9 5 3 
5 2 1 7 3 9 6 8 4 
6 1 5 3 8 2 7 4 9 
9 7 2 4 6 5 8 3 1 
3 4 8 1 9 7 5 6 2 
7 8 4 2 1 6 3 9 5 
1 5 6 9 4 3 2 7 8 
2 9 3 5 7 8 4 1 6 
Duration [seconds]: 0.00748635
Nodes expanded: 100
Seed value: 119
8 3 9 6 5 4 1 2 7 
4 6 7 8 2 1 9 5 3 
5 2 1 7 3 9 6 8 4 
6 1 5 3 8 2 7 4 9 
9 7 2 4 6 5 8 3 1 
3 4 8 1 9 7 5 6 2 
7 8 4 2 1 6 3 9 5 
1 5 6 9 4 3 2 7 8 
2 9 3 5 7 8 4 1 6 
Duration [seconds]: 0.00733297
Nodes expanded: 100
Seed value: 136
8 3 9 6 5 4 1 2 7 
4 6 7 8 2 1 9 5 3 
5 2 1 7 3 9 6 8 4 
6 1 5 3 8 2 7 4 9 
9 7 2 4 6 5 8 3 1 
3 4 8 1 9 7 5 6 2 
7 8 4 2 1 6 3 9 5 
1 5 6 9 4 3 2 7 8 
2 9 3 5 7 8 4 1 6 
Duration [seconds]: 0.00750151
Nodes expanded: 100
Seed value: 153
8 3 9 6 5 4 1 2 7 
4 6 7 8 2 1 9 5 3 
5 2 1 7 3 9 6 8 4 
6 1 5 3 8 2 7 4 9 
9 7 2 4 6 5 8 3 1 
3 4 8 1 9 7 5 6 2 
7 8 4 2 1 6 3 9 5 
1 5 6 9 4 3 2 7 8 
2 9 3 5 7 8 4 1 6 
Duration [seconds]: 0.00805619
Nodes expanded: 100
Seed value: 170
8 3 9 6 5 4 1 2 7 
4 6 7 8 2 1 9 5 3 
5 2 1 7 3 9 6 8 4 
6 1 5 3 8 2 7 4 9 
9 7 2 4 6 5 8 3 1 
3 4 8 1 9 7 5 6 2 
7 8 4 2 1 6 3 9 5 
1 5 6 9 4 3 2 7 8 
2 9 3 5 7 8 4 1 6 
Duration [seconds]: 0.00734072
Nodes expanded: 100
Seed value: 187
8 3 9 6 5 4 1 2 7 
4 6 7 8 2 1 9 5 3 
5 2 1 7 3 9 6 8 4 
6 1 5 3 8 2 7 4 9 
9 7 2 4 6 5 8 3 1 
3 4 8 1 9 7 5 6 2 
7 8 4 2 1 6 3 9 5 
1 5 6 9 4 3 2 7 8 
2 9 3 5 7 8 4 1 6 
Duration [seconds]: 0.00570502
Nodes expanded: 100
Seed value: 204
8 3 9 6 5 4 1 2 7 
4 6 7 8 2 1 9 5 3 
5 2 1 7 3 9 6 8 4 
6 1 5 3 8 2 7 4 9 
9 7 2 4 6 5 8 3 1 
3 4 8 1 9 7 5 6 2 
7 8 4 2 1 6 3 9 5 
1 5 6 9 4 3 2 7 8 
2 9 3 5 7 8 4 1 6 
Duration [seconds]: 0.00489495
Nodes expanded: 100
Seed value: 221
8 3 9 6 5 4 1 2 7 
4 6 7 8 2 1 9 5 3 
5 2 1 7 3 9 6 8 4 
6 1 5 3 8 2 7 4 9 
9 7 2 4 6 5 8 3 1 
3 4 8 1 9 7 5 6 2 
7 8 4 2 1 6 3 9 5 
1 5 6 9 4 3 2 7 8 
2 9 3 5 7 8 4 1 6 
Duration [seconds]: 0.00385781
Nodes expanded: 100
Seed value: 238
8 3 9 6 5 4 1 2 7 
4 6 7 8 2 1 9 5 3 
5 2 1 7 3 9 6 8 4 
6 1 5 3 8 2 7 4 9 
9 7 2 4 6 5 8 3 1 
3 4 8 1 9 7 5 6 2 
7 8 4 2 1 6 3 9 5 
1 5 6 9 4 3 2 7 8 
2 9 3 5 7 8 4 1 6 
Duration [seconds]: 0.00384894
Nodes expanded: 100
Seed value: 255
8 3 9 6 5 4 1 2 7 
4 6 7 8 2 1 9 5 3 
5 2 1 7 3 9 6 8 4 
6 1 5 3 8 2 7 4 9 
9 7 2 4 6 5 8 3 1 
3 4 8 1 9 7 5 6 2 
7 8 4 2 1 6 3 9 5 
1 5 6 9 4 3 2 7 8 
2 9 3 5 7 8 4 1 6 
Duration [seconds]: 0.00323005
Nodes expanded: 100
Seed value: 272
8 3 9 6 5 4 1 2 7 
4 6 7 8 2 1 9 5 3 
5 2 1 7 3 9 6 8 4 
6 1 5 3 8 2 7 4 9 
9 7 2 4 6 5 8 3 1 
3 4 8 1 9 7 5 6 2 
7 8 4 2 1 6 3 9 5 
1 5 6 9 4 3 2 7 8 
2 9 3 5 7 8 4 1 6 
Duration [seconds]: 0.00311758
Nodes expanded: 100
Seed value: 289
8 3 9 6 5 4 1 2 7 
4 6 7 8 2 1 9 5 3 
5 2 1 7 3 9 6 8 4 
6 1 5 3 8 2 7 4 9 
9 7 2 4 6 5 8 3 1 
3 4 8 1 9 7 5 6 2 
7 8 4 2 1 6 3 9 5 
1 5 6 9 4 3 2 7 8 
2 9 3 5 7 8 4 1 6 
Duration [seconds]: 0.0032543
Nodes expanded: 100
Seed value: 306
8 3 9 6 5 4 1 2 7 
4 6 7 8 2 1 9 5 3 
5 2 1 7 3 9 6 8 4 
6 1 5 3 8 2 7 4 9 
9 7 2 4 6 5 8 3 1 
3 4 8 1 9 7 5 6 2 
7 8 4 2 1 6 3 9 5 
1 5 6 9 4 3 2 7 8 
2 9 3 5 7 8 4 1 6 
Duration [seconds]: 0.00288084
Nodes expanded: 100
Seed value: 323
8 3 9 6 5 4 1 2 7 
4 6 7 8 2 1 9 5 3 
5 2 1 7 3 9 6 8 4 
6 1 5 3 8 2 7 4 9 
9 7 2 4 6 5 8 3 1 
3 4 8 1 9 7 5 6 2 
7 8 4 2 1 6 3 9 5 
1 5 6 9 4 3 2 7 8 
2 9 3 5 7 8 4 1 6 
Duration [seconds]: 0.00281497
Nodes expanded: 100
Seed value: 340
8 3 9 6 5 4 1 2 7 
4 6 7 8 2 1 9 5 3 
5 2 1 7 3 9 6 8 4 
6 1 5 3 8 2 7 4 9 
9 7 2 4 6 5 8 3 1 
3 4 8 1 9 7 5 6 2 
7 8 4 2 1 6 3 9 5 
1 5 6 9 4 3 2 7 8 
2 9 3 5 7 8 4 1 6 
Duration [seconds]: 0.00283884
Nodes expanded: 100
Seed value: 357
8 3 9 6 5 4 1 2 7 
4 6 7 8 2 1 9 5 3 
5 2 1 7 3 9 6 8 4 
6 1 5 3 8 2 7 4 9 
9 7 2 4 6 5 8 3 1 
3 4 8 1 9 7 5 6 2 
7 8 4 2 1 6 3 9 5 
1 5 6 9 4 3 2 7 8 
2 9 3 5 7 8 4 1 6 
Duration [seconds]: 0.00282604
Nodes expanded: 100
Seed value: 374
8 3 9 6 5 4 1 2 7 
4 6 7 8 2 1 9 5 3 
5 2 1 7 3 9 6 8 4 
6 1 5 3 8 2 7 4 9 
9 7 2 4 6 5 8 3 1 
3 4 8 1 9 7 5 6 2 
7 8 4 2 1 6 3 9 5 
1 5 6 9 4 3 2 7 8 
2 9 3 5 7 8 4 1 6 
Duration [seconds]: 0.00286194
Nodes expanded: 100
Seed value: 391
8 3 9 6 5 4 1 2 7 
4 6 7 8 2 1 9 5 3 
5 2 1 7 3 9 6 8 4 
6 1 5 3 8 2 7 4 9 
9 7 2 4 6 5 8 3 1 
3 4 8 1 9 7 5 6 2 
7 8 4 2 1 6 3 9 5 
1 5 6 9 4 3 2 7 8 
2 9 3 5 7 8 4 1 6 
Duration [seconds]: 0.00286132
Nodes expanded: 100
Seed value: 408
8 3 9 6 5 4 1 2 7 
4 6 7 8 2 1 9 5 3 
5 2 1 7 3 9 6 8 4 
6 1 5 3 8 2 7 4 9 
9 7 2 4 6 5 8 3 1 
3 4 8 1 9 7 5 6 2 
7 8 4 2 1 6 3 9 5 
1 5 6 9 4 3 2 7 8 
2 9 3 5 7 8 4 1 6 
Duration [seconds]: 0.00283338
Nodes expanded: 100
Seed value: 425
8 3 9 6 5 4 1 2 7 
4 6 7 8 2 1 9 5 3 
5 2 1 7 3 9 6 8 4 
6 1 5 3 8 2 7 4 9 
9 7 2 4 6 5 8 3 1 
3 4 8 1 9 7 5 6 2 
7 8 4 2 1 6 3 9 5 
1 5 6 9 4 3 2 7 8 
2 9 3 5 7 8 4 1 6 
Duration [seconds]: 0.00285678
Nodes expanded: 100
Seed value: 442
8 3 9 6 5 4 1 2 7 
4 6 7 8 2 1 9 5 3 
5 2 1 7 3 9 6 8 4 
6 1 5 3 8 2 7 4 9 
9 7 2 4 6 5 8 3 1 
3 4 8 1 9 7 5 6 2 
7 8 4 2 1 6 3 9 5 
1 5 6 9 4 3 2 7 8 
2 9 3 5 7 8 4 1 6 
Duration [seconds]: 0.002905
Nodes expanded: 100
Seed value: 459
8 3 9 6 5 4 1 2 7 
4 6 7 8 2 1 9 5 3 
5 2 1 7 3 9 6 8 4 
6 1 5 3 8 2 7 4 9 
9 7 2 4 6 5 8 3 1 
3 4 8 1 9 7 5 6 2 
7 8 4 2 1 6 3 9 5 
1 5 6 9 4 3 2 7 8 
2 9 3 5 7 8 4 1 6 
Duration [seconds]: 0.00284106
Nodes expanded: 100
Seed value: 476
8 3 9 6 5 4 1 2 7 
4 6 7 8 2 1 9 5 3 
5 2 1 7 3 9 6 8 4 
6 1 5 3 8 2 7 4 9 
9 7 2 4 6 5 8 3 1 
3 4 8 1 9 7 5 6 2 
7 8 4 2 1 6 3 9 5 
1 5 6 9 4 3 2 7 8 
2 9 3 5 7 8 4 1 6 
Duration [seconds]: 0.00282724
Nodes expanded: 100
Seed value: 493
8 3 9 6 5 4 1 2 7 
4 6 7 8 2 1 9 5 3 
5 2 1 7 3 9 6 8 4 
6 1 5 3 8 2 7 4 9 
9 7 2 4 6 5 8 3 1 
3 4 8 1 9 7 5 6 2 
7 8 4 2 1 6 3 9 5 
1 5 6 9 4 3 2 7 8 
2 9 3 5 7 8 4 1 6 
Duration [seconds]: 0.00299964
Nodes expanded: 100
Seed value: 510
8 3 9 6 5 4 1 2 7 
4 6 7 8 2 1 9 5 3 
5 2 1 7 3 9 6 8 4 
6 1 5 3 8 2 7 4 9 
9 7 2 4 6 5 8 3 1 
3 4 8 1 9 7 5 6 2 
7 8 4 2 1 6 3 9 5 
1 5 6 9 4 3 2 7 8 
2 9 3 5 7 8 4 1 6 
Duration [seconds]: 0.00292893
Nodes expanded: 100
Seed value: 527
8 3 9 6 5 4 1 2 7 
4 6 7 8 2 1 9 5 3 
5 2 1 7 3 9 6 8 4 
6 1 5 3 8 2 7 4 9 
9 7 2 4 6 5 8 3 1 
3 4 8 1 9 7 5 6 2 
7 8 4 2 1 6 3 9 5 
1 5 6 9 4 3 2 7 8 
2 9 3 5 7 8 4 1 6 
Duration [seconds]: 0.0028228
Nodes expanded: 100
Seed value: 544
8 3 9 6 5 4 1 2 7 
4 6 7 8 2 1 9 5 3 
5 2 1 7 3 9 6 8 4 
6 1 5 3 8 2 7 4 9 
9 7 2 4 6 5 8 3 1 
3 4 8 1 9 7 5 6 2 
7 8 4 2 1 6 3 9 5 
1 5 6 9 4 3 2 7 8 
2 9 3 5 7 8 4 1 6 
Duration [seconds]: 0.00284788
Nodes expanded: 100
Seed value: 561
8 3 9 6 5 4 1 2 7 
4 6 7 8 2 1 9 5 3 
5 2 1 7 3 9 6 8 4 
6 1 5 3 8 2 7 4 9 
9 7 2 4 6 5 8 3 1 
3 4 8 1 9 7 5 6 2 
7 8 4 2 1 6 3 9 5 
1 5 6 9 4 3 2 7 8 
2 9 3 5 7 8 4 1 6 
Duration [seconds]: 0.00282594
Nodes expanded: 100
Seed value: 578
8 3 9 6 5 4 1 2 7 
4 6 7 8 2 1 9 5 3 
5 2 1 7 3 9 6 8 4 
6 1 5 3 8 2 7 4 9 
9 7 2 4 6 5 8 3 1 
3 4 8 1 9 7 5 6 2 
7 8 4 2 1 6 3 9 5 
1 5 6 9 4 3 2 7 8 
2 9 3 5 7 8 4 1 6 
Duration [seconds]: 0.00291535
Nodes expanded: 100
Seed value: 595
8 3 9 6 5 4 1 2 7 
4 6 7 8 2 1 9 5 3 
5 2 1 7 3 9 6 8 4 
6 1 5 3 8 2 7 4 9 
9 7 2 4 6 5 8 3 1 
3 4 8 1 9 7 5 6 2 
7 8 4 2 1 6 3 9 5 
1 5 6 9 4 3 2 7 8 
2 9 3 5 7 8 4 1 6 
Duration [seconds]: 0.00284905
Nodes expanded: 100
Seed value: 612
8 3 9 6 5 4 1 2 7 
4 6 7 8 2 1 9 5 3 
5 2 1 7 3 9 6 8 4 
6 1 5 3 8 2 7 4 9 
9 7 2 4 6 5 8 3 1 
3 4 8 1 9 7 5 6 2 
7 8 4 2 1 6 3 9 5 
1 5 6 9 4 3 2 7 8 
2 9 3 5 7 8 4 1 6 
Duration [seconds]: 0.00281899
Nodes expanded: 100
Seed value: 629
8 3 9 6 5 4 1 2 7 
4 6 7 8 2 1 9 5 3 
5 2 1 7 3 9 6 8 4 
6 1 5 3 8 2 7 4 9 
9 7 2 4 6 5 8 3 1 
3 4 8 1 9 7 5 6 2 
7 8 4 2 1 6 3 9 5 
1 5 6 9 4 3 2 7 8 
2 9 3 5 7 8 4 1 6 
Duration [seconds]: 0.00283797
Nodes expanded: 100
Seed value: 646
8 3 9 6 5 4 1 2 7 
4 6 7 8 2 1 9 5 3 
5 2 1 7 3 9 6 8 4 
6 1 5 3 8 2 7 4 9 
9 7 2 4 6 5 8 3 1 
3 4 8 1 9 7 5 6 2 
7 8 4 2 1 6 3 9 5 
1 5 6 9 4 3 2 7 8 
2 9 3 5 7 8 4 1 6 
Duration [seconds]: 0.00286183
Nodes expanded: 100
Seed value: 663
8 3 9 6 5 4 1 2 7 
4 6 7 8 2 1 9 5 3 
5 2 1 7 3 9 6 8 4 
6 1 5 3 8 2 7 4 9 
9 7 2 4 6 5 8 3 1 
3 4 8 1 9 7 5 6 2 
7 8 4 2 1 6 3 9 5 
1 5 6 9 4 3 2 7 8 
2 9 3 5 7 8 4 1 6 
Duration [seconds]: 0.00284673
Nodes expanded: 100
Seed value: 680
8 3 9 6 5 4 1 2 7 
4 6 7 8 2 1 9 5 3 
5 2 1 7 3 9 6 8 4 
6 1 5 3 8 2 7 4 9 
9 7 2 4 6 5 8 3 1 
3 4 8 1 9 7 5 6 2 
7 8 4 2 1 6 3 9 5 
1 5 6 9 4 3 2 7 8 
2 9 3 5 7 8 4 1 6 
Duration [seconds]: 0.00283199
Nodes expanded: 100
Seed value: 697
8 3 9 6 5 4 1 2 7 
4 6 7 8 2 1 9 5 3 
5 2 1 7 3 9 6 8 4 
6 1 5 3 8 2 7 4 9 
9 7 2 4 6 5 8 3 1 
3 4 8 1 9 7 5 6 2 
7 8 4 2 1 6 3 9 5 
1 5 6 9 4 3 2 7 8 
2 9 3 5 7 8 4 1 6 
Duration [seconds]: 0.00312633
Nodes expanded: 100
Seed value: 714
8 3 9 6 5 4 1 2 7 
4 6 7 8 2 1 9 5 3 
5 2 1 7 3 9 6 8 4 
6 1 5 3 8 2 7 4 9 
9 7 2 4 6 5 8 3 1 
3 4 8 1 9 7 5 6 2 
7 8 4 2 1 6 3 9 5 
1 5 6 9 4 3 2 7 8 
2 9 3 5 7 8 4 1 6 
Duration [seconds]: 0.00286925
Nodes expanded: 100
Seed value: 731
8 3 9 6 5 4 1 2 7 
4 6 7 8 2 1 9 5 3 
5 2 1 7 3 9 6 8 4 
6 1 5 3 8 2 7 4 9 
9 7 2 4 6 5 8 3 1 
3 4 8 1 9 7 5 6 2 
7 8 4 2 1 6 3 9 5 
1 5 6 9 4 3 2 7 8 
2 9 3 5 7 8 4 1 6 
Duration [seconds]: 0.00289403
Nodes expanded: 100
Seed value: 748
8 3 9 6 5 4 1 2 7 
4 6 7 8 2 1 9 5 3 
5 2 1 7 3 9 6 8 4 
6 1 5 3 8 2 7 4 9 
9 7 2 4 6 5 8 3 1 
3 4 8 1 9 7 5 6 2 
7 8 4 2 1 6 3 9 5 
1 5 6 9 4 3 2 7 8 
2 9 3 5 7 8 4 1 6 
Duration [seconds]: 0.00284423
Nodes expanded: 100
Seed value: 765
8 3 9 6 5 4 1 2 7 
4 6 7 8 2 1 9 5 3 
5 2 1 7 3 9 6 8 4 
6 1 5 3 8 2 7 4 9 
9 7 2 4 6 5 8 3 1 
3 4 8 1 9 7 5 6 2 
7 8 4 2 1 6 3 9 5 
1 5 6 9 4 3 2 7 8 
2 9 3 5 7 8 4 1 6 
Duration [seconds]: 0.00282341
Nodes expanded: 100
Seed value: 782
8 3 9 6 5 4 1 2 7 
4 6 7 8 2 1 9 5 3 
5 2 1 7 3 9 6 8 4 
6 1 5 3 8 2 7 4 9 
9 7 2 4 6 5 8 3 1 
3 4 8 1 9 7 5 6 2 
7 8 4 2 1 6 3 9 5 
1 5 6 9 4 3 2 7 8 
2 9 3 5 7 8 4 1 6 
Duration [seconds]: 0.00287553
Nodes expanded: 100
Seed value: 799
8 3 9 6 5 4 1 2 7 
4 6 7 8 2 1 9 5 3 
5 2 1 7 3 9 6 8 4 
6 1 5 3 8 2 7 4 9 
9 7 2 4 6 5 8 3 1 
3 4 8 1 9 7 5 6 2 
7 8 4 2 1 6 3 9 5 
1 5 6 9 4 3 2 7 8 
2 9 3 5 7 8 4 1 6 
Duration [seconds]: 0.00300343
Nodes expanded: 100
Seed value: 816
8 3 9 6 5 4 1 2 7 
4 6 7 8 2 1 9 5 3 
5 2 1 7 3 9 6 8 4 
6 1 5 3 8 2 7 4 9 
9 7 2 4 6 5 8 3 1 
3 4 8 1 9 7 5 6 2 
7 8 4 2 1 6 3 9 5 
1 5 6 9 4 3 2 7 8 
2 9 3 5 7 8 4 1 6 
Duration [seconds]: 0.00282426
Nodes expanded: 100
Seed value: 833
8 3 9 6 5 4 1 2 7 
4 6 7 8 2 1 9 5 3 
5 2 1 7 3 9 6 8 4 
6 1 5 3 8 2 7 4 9 
9 7 2 4 6 5 8 3 1 
3 4 8 1 9 7 5 6 2 
7 8 4 2 1 6 3 9 5 
1 5 6 9 4 3 2 7 8 
2 9 3 5 7 8 4 1 6 
Duration [seconds]: 0.00285394
Nodes expanded: 100
Seed value: 850
8 3 9 6 5 4 1 2 7 
4 6 7 8 2 1 9 5 3 
5 2 1 7 3 9 6 8 4 
6 1 5 3 8 2 7 4 9 
9 7 2 4 6 5 8 3 1 
3 4 8 1 9 7 5 6 2 
7 8 4 2 1 6 3 9 5 
1 5 6 9 4 3 2 7 8 
2 9 3 5 7 8 4 1 6 
Duration [seconds]: 0.0028566
Nodes expanded: 100
Runtimes (s): 0.00767641,0.00745634,0.00742432,0.00748476,0.00743901,0.00748635,0.00733297,0.00750151,0.00805619,0.00734072,0.00570502,0.00489495,0.00385781,0.00384894,0.00323005,0.00311758,0.0032543,0.00288084,0.00281497,0.00283884,0.00282604,0.00286194,0.00286132,0.00283338,0.00285678,0.002905,0.00284106,0.00282724,0.00299964,0.00292893,0.0028228,0.00284788,0.00282594,0.00291535,0.00284905,0.00281899,0.00283797,0.00286183,0.00284673,0.00283199,0.00312633,0.00286925,0.00289403,0.00284423,0.00282341,0.00287553,0.00300343,0.00282426,0.00285394,0.0028566,
Runtimes average (s): 0.003956255
Runtimes standard deviation (s): 0.0018555890125049

Nodes expanded: 100,100,100,100,100,100,100,100,100,100,100,100,100,100,100,100,100,100,100,100,100,100,100,100,100,100,100,100,100,100,100,100,100,100,100,100,100,100,100,100,100,100,100,100,100,100,100,100,100,100,
Nodes expanded average: 100
Nodes expanded standard deviation: 0
