Minimum number of moves = 20
Move # 0
4
 6  3  7  4 
 2  9 10  8 
 1  5 12 15 
13  0 14 11 

Move # 1
4
 6  3  7  4 
 2  9 10  8 
 1  5 12 15 
13 14  0 11 

Move # 2
4
 6  3  7  4 
 2  9 10  8 
 1  5 12 15 
13 14 11  0 

Move # 3
4
 6  3  7  4 
 2  9 10  8 
 1  5 12  0 
13 14 11 15 

Move # 4
4
 6  3  7  4 
 2  9 10  8 
 1  5  0 12 
13 14 11 15 

Move # 5
4
 6  3  7  4 
 2  9  0  8 
 1  5 10 12 
13 14 11 15 

Move # 6
4
 6  3  0  4 
 2  9  7  8 
 1  5 10 12 
13 14 11 15 

Move # 7
4
 6  0  3  4 
 2  9  7  8 
 1  5 10 12 
13 14 11 15 

Move # 8
4
 0  6  3  4 
 2  9  7  8 
 1  5 10 12 
13 14 11 15 

Move # 9
4
 2  6  3  4 
 0  9  7  8 
 1  5 10 12 
13 14 11 15 

Move # 10
4
 2  6  3  4 
 1  9  7  8 
 0  5 10 12 
13 14 11 15 

Move # 11
4
 2  6  3  4 
 1  9  7  8 
 5  0 10 12 
13 14 11 15 

Move # 12
4
 2  6  3  4 
 1  0  7  8 
 5  9 10 12 
13 14 11 15 

Move # 13
4
 2  0  3  4 
 1  6  7  8 
 5  9 10 12 
13 14 11 15 

Move # 14
4
 0  2  3  4 
 1  6  7  8 
 5  9 10 12 
13 14 11 15 

Move # 15
4
 1  2  3  4 
 0  6  7  8 
 5  9 10 12 
13 14 11 15 

Move # 16
4
 1  2  3  4 
 5  6  7  8 
 0  9 10 12 
13 14 11 15 

Move # 17
4
 1  2  3  4 
 5  6  7  8 
 9  0 10 12 
13 14 11 15 

Move # 18
4
 1  2  3  4 
 5  6  7  8 
 9 10  0 12 
13 14 11 15 

Move # 19
4
 1  2  3  4 
 5  6  7  8 
 9 10 11 12 
13 14  0 15 

Move # 20
4
 1  2  3  4 
 5  6  7  8 
 9 10 11 12 
13 14 15  0 

