Seed value: 17
3 5 8 4 6 2 1 7 9 
9 1 2 7 5 3 4 6 8 
4 6 7 9 8 1 2 5 3 
2 8 6 3 4 9 5 1 7 
7 9 1 8 2 5 6 3 4 
5 3 4 1 7 6 8 9 2 
1 2 9 6 3 8 7 4 5 
8 7 3 5 1 4 9 2 6 
6 4 5 2 9 7 3 8 1 
Duration [seconds]: 0.0252586
Nodes expanded: 2708
Seed value: 34
3 5 8 4 6 2 1 7 9 
9 1 2 7 5 3 4 6 8 
4 6 7 9 8 1 2 5 3 
2 8 6 3 4 9 5 1 7 
7 9 1 8 2 5 6 3 4 
5 3 4 1 7 6 8 9 2 
1 2 9 6 3 8 7 4 5 
8 7 3 5 1 4 9 2 6 
6 4 5 2 9 7 3 8 1 
Duration [seconds]: 0.0199752
Nodes expanded: 2424
Seed value: 51
3 5 8 4 6 2 1 7 9 
9 1 2 7 5 3 4 6 8 
4 6 7 9 8 1 2 5 3 
2 8 6 3 4 9 5 1 7 
7 9 1 8 2 5 6 3 4 
5 3 4 1 7 6 8 9 2 
1 2 9 6 3 8 7 4 5 
8 7 3 5 1 4 9 2 6 
6 4 5 2 9 7 3 8 1 
Duration [seconds]: 0.0208293
Nodes expanded: 2708
Seed value: 68
3 5 8 4 6 2 1 7 9 
9 1 2 7 5 3 4 6 8 
4 6 7 9 8 1 2 5 3 
2 8 6 3 4 9 5 1 7 
7 9 1 8 2 5 6 3 4 
5 3 4 1 7 6 8 9 2 
1 2 9 6 3 8 7 4 5 
8 7 3 5 1 4 9 2 6 
6 4 5 2 9 7 3 8 1 
Duration [seconds]: 0.0186876
Nodes expanded: 2424
Seed value: 85
3 5 8 4 6 2 1 7 9 
9 1 2 7 5 3 4 6 8 
4 6 7 9 8 1 2 5 3 
2 8 6 3 4 9 5 1 7 
7 9 1 8 2 5 6 3 4 
5 3 4 1 7 6 8 9 2 
1 2 9 6 3 8 7 4 5 
8 7 3 5 1 4 9 2 6 
6 4 5 2 9 7 3 8 1 
Duration [seconds]: 0.0206717
Nodes expanded: 2708
Seed value: 102
3 5 8 4 6 2 1 7 9 
9 1 2 7 5 3 4 6 8 
4 6 7 9 8 1 2 5 3 
2 8 6 3 4 9 5 1 7 
7 9 1 8 2 5 6 3 4 
5 3 4 1 7 6 8 9 2 
1 2 9 6 3 8 7 4 5 
8 7 3 5 1 4 9 2 6 
6 4 5 2 9 7 3 8 1 
Duration [seconds]: 0.0190514
Nodes expanded: 2424
Seed value: 119
3 5 8 4 6 2 1 7 9 
9 1 2 7 5 3 4 6 8 
4 6 7 9 8 1 2 5 3 
2 8 6 3 4 9 5 1 7 
7 9 1 8 2 5 6 3 4 
5 3 4 1 7 6 8 9 2 
1 2 9 6 3 8 7 4 5 
8 7 3 5 1 4 9 2 6 
6 4 5 2 9 7 3 8 1 
Duration [seconds]: 0.0182082
Nodes expanded: 2424
Seed value: 136
3 5 8 4 6 2 1 7 9 
9 1 2 7 5 3 4 6 8 
4 6 7 9 8 1 2 5 3 
2 8 6 3 4 9 5 1 7 
7 9 1 8 2 5 6 3 4 
5 3 4 1 7 6 8 9 2 
1 2 9 6 3 8 7 4 5 
8 7 3 5 1 4 9 2 6 
6 4 5 2 9 7 3 8 1 
Duration [seconds]: 0.0204766
Nodes expanded: 2424
Seed value: 153
3 5 8 4 6 2 1 7 9 
9 1 2 7 5 3 4 6 8 
4 6 7 9 8 1 2 5 3 
2 8 6 3 4 9 5 1 7 
7 9 1 8 2 5 6 3 4 
5 3 4 1 7 6 8 9 2 
1 2 9 6 3 8 7 4 5 
8 7 3 5 1 4 9 2 6 
6 4 5 2 9 7 3 8 1 
Duration [seconds]: 0.0202519
Nodes expanded: 2604
Seed value: 170
3 5 8 4 6 2 1 7 9 
9 1 2 7 5 3 4 6 8 
4 6 7 9 8 1 2 5 3 
2 8 6 3 4 9 5 1 7 
7 9 1 8 2 5 6 3 4 
5 3 4 1 7 6 8 9 2 
1 2 9 6 3 8 7 4 5 
8 7 3 5 1 4 9 2 6 
6 4 5 2 9 7 3 8 1 
Duration [seconds]: 0.0204607
Nodes expanded: 2708
Seed value: 187
3 5 8 4 6 2 1 7 9 
9 1 2 7 5 3 4 6 8 
4 6 7 9 8 1 2 5 3 
2 8 6 3 4 9 5 1 7 
7 9 1 8 2 5 6 3 4 
5 3 4 1 7 6 8 9 2 
1 2 9 6 3 8 7 4 5 
8 7 3 5 1 4 9 2 6 
6 4 5 2 9 7 3 8 1 
Duration [seconds]: 0.0185763
Nodes expanded: 2424
Seed value: 204
3 5 8 4 6 2 1 7 9 
9 1 2 7 5 3 4 6 8 
4 6 7 9 8 1 2 5 3 
2 8 6 3 4 9 5 1 7 
7 9 1 8 2 5 6 3 4 
5 3 4 1 7 6 8 9 2 
1 2 9 6 3 8 7 4 5 
8 7 3 5 1 4 9 2 6 
6 4 5 2 9 7 3 8 1 
Duration [seconds]: 0.0186695
Nodes expanded: 2424
Seed value: 221
3 5 8 4 6 2 1 7 9 
9 1 2 7 5 3 4 6 8 
4 6 7 9 8 1 2 5 3 
2 8 6 3 4 9 5 1 7 
7 9 1 8 2 5 6 3 4 
5 3 4 1 7 6 8 9 2 
1 2 9 6 3 8 7 4 5 
8 7 3 5 1 4 9 2 6 
6 4 5 2 9 7 3 8 1 
Duration [seconds]: 0.0212229
Nodes expanded: 2706
Seed value: 238
3 5 8 4 6 2 1 7 9 
9 1 2 7 5 3 4 6 8 
4 6 7 9 8 1 2 5 3 
2 8 6 3 4 9 5 1 7 
7 9 1 8 2 5 6 3 4 
5 3 4 1 7 6 8 9 2 
1 2 9 6 3 8 7 4 5 
8 7 3 5 1 4 9 2 6 
6 4 5 2 9 7 3 8 1 
Duration [seconds]: 0.0194848
Nodes expanded: 2530
Seed value: 255
3 5 8 4 6 2 1 7 9 
9 1 2 7 5 3 4 6 8 
4 6 7 9 8 1 2 5 3 
2 8 6 3 4 9 5 1 7 
7 9 1 8 2 5 6 3 4 
5 3 4 1 7 6 8 9 2 
1 2 9 6 3 8 7 4 5 
8 7 3 5 1 4 9 2 6 
6 4 5 2 9 7 3 8 1 
Duration [seconds]: 0.0187177
Nodes expanded: 2424
Seed value: 272
3 5 8 4 6 2 1 7 9 
9 1 2 7 5 3 4 6 8 
4 6 7 9 8 1 2 5 3 
2 8 6 3 4 9 5 1 7 
7 9 1 8 2 5 6 3 4 
5 3 4 1 7 6 8 9 2 
1 2 9 6 3 8 7 4 5 
8 7 3 5 1 4 9 2 6 
6 4 5 2 9 7 3 8 1 
Duration [seconds]: 0.0180995
Nodes expanded: 2424
Seed value: 289
3 5 8 4 6 2 1 7 9 
9 1 2 7 5 3 4 6 8 
4 6 7 9 8 1 2 5 3 
2 8 6 3 4 9 5 1 7 
7 9 1 8 2 5 6 3 4 
5 3 4 1 7 6 8 9 2 
1 2 9 6 3 8 7 4 5 
8 7 3 5 1 4 9 2 6 
6 4 5 2 9 7 3 8 1 
Duration [seconds]: 0.02149
Nodes expanded: 2706
Seed value: 306
3 5 8 4 6 2 1 7 9 
9 1 2 7 5 3 4 6 8 
4 6 7 9 8 1 2 5 3 
2 8 6 3 4 9 5 1 7 
7 9 1 8 2 5 6 3 4 
5 3 4 1 7 6 8 9 2 
1 2 9 6 3 8 7 4 5 
8 7 3 5 1 4 9 2 6 
6 4 5 2 9 7 3 8 1 
Duration [seconds]: 0.0190537
Nodes expanded: 2530
Seed value: 323
3 5 8 4 6 2 1 7 9 
9 1 2 7 5 3 4 6 8 
4 6 7 9 8 1 2 5 3 
2 8 6 3 4 9 5 1 7 
7 9 1 8 2 5 6 3 4 
5 3 4 1 7 6 8 9 2 
1 2 9 6 3 8 7 4 5 
8 7 3 5 1 4 9 2 6 
6 4 5 2 9 7 3 8 1 
Duration [seconds]: 0.019373
Nodes expanded: 2424
Seed value: 340
3 5 8 4 6 2 1 7 9 
9 1 2 7 5 3 4 6 8 
4 6 7 9 8 1 2 5 3 
2 8 6 3 4 9 5 1 7 
7 9 1 8 2 5 6 3 4 
5 3 4 1 7 6 8 9 2 
1 2 9 6 3 8 7 4 5 
8 7 3 5 1 4 9 2 6 
6 4 5 2 9 7 3 8 1 
Duration [seconds]: 0.019746
Nodes expanded: 2708
Seed value: 357
3 5 8 4 6 2 1 7 9 
9 1 2 7 5 3 4 6 8 
4 6 7 9 8 1 2 5 3 
2 8 6 3 4 9 5 1 7 
7 9 1 8 2 5 6 3 4 
5 3 4 1 7 6 8 9 2 
1 2 9 6 3 8 7 4 5 
8 7 3 5 1 4 9 2 6 
6 4 5 2 9 7 3 8 1 
Duration [seconds]: 0.0194668
Nodes expanded: 2424
Seed value: 374
3 5 8 4 6 2 1 7 9 
9 1 2 7 5 3 4 6 8 
4 6 7 9 8 1 2 5 3 
2 8 6 3 4 9 5 1 7 
7 9 1 8 2 5 6 3 4 
5 3 4 1 7 6 8 9 2 
1 2 9 6 3 8 7 4 5 
8 7 3 5 1 4 9 2 6 
6 4 5 2 9 7 3 8 1 
Duration [seconds]: 0.0204719
Nodes expanded: 2708
Seed value: 391
3 5 8 4 6 2 1 7 9 
9 1 2 7 5 3 4 6 8 
4 6 7 9 8 1 2 5 3 
2 8 6 3 4 9 5 1 7 
7 9 1 8 2 5 6 3 4 
5 3 4 1 7 6 8 9 2 
1 2 9 6 3 8 7 4 5 
8 7 3 5 1 4 9 2 6 
6 4 5 2 9 7 3 8 1 
Duration [seconds]: 0.0209257
Nodes expanded: 2424
Seed value: 408
3 5 8 4 6 2 1 7 9 
9 1 2 7 5 3 4 6 8 
4 6 7 9 8 1 2 5 3 
2 8 6 3 4 9 5 1 7 
7 9 1 8 2 5 6 3 4 
5 3 4 1 7 6 8 9 2 
1 2 9 6 3 8 7 4 5 
8 7 3 5 1 4 9 2 6 
6 4 5 2 9 7 3 8 1 
Duration [seconds]: 0.0203277
Nodes expanded: 2708
Seed value: 425
3 5 8 4 6 2 1 7 9 
9 1 2 7 5 3 4 6 8 
4 6 7 9 8 1 2 5 3 
2 8 6 3 4 9 5 1 7 
7 9 1 8 2 5 6 3 4 
5 3 4 1 7 6 8 9 2 
1 2 9 6 3 8 7 4 5 
8 7 3 5 1 4 9 2 6 
6 4 5 2 9 7 3 8 1 
Duration [seconds]: 0.0194488
Nodes expanded: 2424
Seed value: 442
3 5 8 4 6 2 1 7 9 
9 1 2 7 5 3 4 6 8 
4 6 7 9 8 1 2 5 3 
2 8 6 3 4 9 5 1 7 
7 9 1 8 2 5 6 3 4 
5 3 4 1 7 6 8 9 2 
1 2 9 6 3 8 7 4 5 
8 7 3 5 1 4 9 2 6 
6 4 5 2 9 7 3 8 1 
Duration [seconds]: 0.0191325
Nodes expanded: 2604
Seed value: 459
3 5 8 4 6 2 1 7 9 
9 1 2 7 5 3 4 6 8 
4 6 7 9 8 1 2 5 3 
2 8 6 3 4 9 5 1 7 
7 9 1 8 2 5 6 3 4 
5 3 4 1 7 6 8 9 2 
1 2 9 6 3 8 7 4 5 
8 7 3 5 1 4 9 2 6 
6 4 5 2 9 7 3 8 1 
Duration [seconds]: 0.0217596
Nodes expanded: 2708
Seed value: 476
3 5 8 4 6 2 1 7 9 
9 1 2 7 5 3 4 6 8 
4 6 7 9 8 1 2 5 3 
2 8 6 3 4 9 5 1 7 
7 9 1 8 2 5 6 3 4 
5 3 4 1 7 6 8 9 2 
1 2 9 6 3 8 7 4 5 
8 7 3 5 1 4 9 2 6 
6 4 5 2 9 7 3 8 1 
Duration [seconds]: 0.0180149
Nodes expanded: 2424
Seed value: 493
3 5 8 4 6 2 1 7 9 
9 1 2 7 5 3 4 6 8 
4 6 7 9 8 1 2 5 3 
2 8 6 3 4 9 5 1 7 
7 9 1 8 2 5 6 3 4 
5 3 4 1 7 6 8 9 2 
1 2 9 6 3 8 7 4 5 
8 7 3 5 1 4 9 2 6 
6 4 5 2 9 7 3 8 1 
Duration [seconds]: 0.0193
Nodes expanded: 2424
Seed value: 510
3 5 8 4 6 2 1 7 9 
9 1 2 7 5 3 4 6 8 
4 6 7 9 8 1 2 5 3 
2 8 6 3 4 9 5 1 7 
7 9 1 8 2 5 6 3 4 
5 3 4 1 7 6 8 9 2 
1 2 9 6 3 8 7 4 5 
8 7 3 5 1 4 9 2 6 
6 4 5 2 9 7 3 8 1 
Duration [seconds]: 0.0191541
Nodes expanded: 2604
Seed value: 527
3 5 8 4 6 2 1 7 9 
9 1 2 7 5 3 4 6 8 
4 6 7 9 8 1 2 5 3 
2 8 6 3 4 9 5 1 7 
7 9 1 8 2 5 6 3 4 
5 3 4 1 7 6 8 9 2 
1 2 9 6 3 8 7 4 5 
8 7 3 5 1 4 9 2 6 
6 4 5 2 9 7 3 8 1 
Duration [seconds]: 0.0202551
Nodes expanded: 2530
Seed value: 544
3 5 8 4 6 2 1 7 9 
9 1 2 7 5 3 4 6 8 
4 6 7 9 8 1 2 5 3 
2 8 6 3 4 9 5 1 7 
7 9 1 8 2 5 6 3 4 
5 3 4 1 7 6 8 9 2 
1 2 9 6 3 8 7 4 5 
8 7 3 5 1 4 9 2 6 
6 4 5 2 9 7 3 8 1 
Duration [seconds]: 0.0196563
Nodes expanded: 2424
Seed value: 561
3 5 8 4 6 2 1 7 9 
9 1 2 7 5 3 4 6 8 
4 6 7 9 8 1 2 5 3 
2 8 6 3 4 9 5 1 7 
7 9 1 8 2 5 6 3 4 
5 3 4 1 7 6 8 9 2 
1 2 9 6 3 8 7 4 5 
8 7 3 5 1 4 9 2 6 
6 4 5 2 9 7 3 8 1 
Duration [seconds]: 0.0192164
Nodes expanded: 2424
Seed value: 578
3 5 8 4 6 2 1 7 9 
9 1 2 7 5 3 4 6 8 
4 6 7 9 8 1 2 5 3 
2 8 6 3 4 9 5 1 7 
7 9 1 8 2 5 6 3 4 
5 3 4 1 7 6 8 9 2 
1 2 9 6 3 8 7 4 5 
8 7 3 5 1 4 9 2 6 
6 4 5 2 9 7 3 8 1 
Duration [seconds]: 0.0200246
Nodes expanded: 2706
Seed value: 595
3 5 8 4 6 2 1 7 9 
9 1 2 7 5 3 4 6 8 
4 6 7 9 8 1 2 5 3 
2 8 6 3 4 9 5 1 7 
7 9 1 8 2 5 6 3 4 
5 3 4 1 7 6 8 9 2 
1 2 9 6 3 8 7 4 5 
8 7 3 5 1 4 9 2 6 
6 4 5 2 9 7 3 8 1 
Duration [seconds]: 0.0200188
Nodes expanded: 2530
Seed value: 612
3 5 8 4 6 2 1 7 9 
9 1 2 7 5 3 4 6 8 
4 6 7 9 8 1 2 5 3 
2 8 6 3 4 9 5 1 7 
7 9 1 8 2 5 6 3 4 
5 3 4 1 7 6 8 9 2 
1 2 9 6 3 8 7 4 5 
8 7 3 5 1 4 9 2 6 
6 4 5 2 9 7 3 8 1 
Duration [seconds]: 0.0179748
Nodes expanded: 2424
Seed value: 629
3 5 8 4 6 2 1 7 9 
9 1 2 7 5 3 4 6 8 
4 6 7 9 8 1 2 5 3 
2 8 6 3 4 9 5 1 7 
7 9 1 8 2 5 6 3 4 
5 3 4 1 7 6 8 9 2 
1 2 9 6 3 8 7 4 5 
8 7 3 5 1 4 9 2 6 
6 4 5 2 9 7 3 8 1 
Duration [seconds]: 0.0210925
Nodes expanded: 2708
Seed value: 646
3 5 8 4 6 2 1 7 9 
9 1 2 7 5 3 4 6 8 
4 6 7 9 8 1 2 5 3 
2 8 6 3 4 9 5 1 7 
7 9 1 8 2 5 6 3 4 
5 3 4 1 7 6 8 9 2 
1 2 9 6 3 8 7 4 5 
8 7 3 5 1 4 9 2 6 
6 4 5 2 9 7 3 8 1 
Duration [seconds]: 0.0180446
Nodes expanded: 2424
Seed value: 663
3 5 8 4 6 2 1 7 9 
9 1 2 7 5 3 4 6 8 
4 6 7 9 8 1 2 5 3 
2 8 6 3 4 9 5 1 7 
7 9 1 8 2 5 6 3 4 
5 3 4 1 7 6 8 9 2 
1 2 9 6 3 8 7 4 5 
8 7 3 5 1 4 9 2 6 
6 4 5 2 9 7 3 8 1 
Duration [seconds]: 0.0209138
Nodes expanded: 2708
Seed value: 680
3 5 8 4 6 2 1 7 9 
9 1 2 7 5 3 4 6 8 
4 6 7 9 8 1 2 5 3 
2 8 6 3 4 9 5 1 7 
7 9 1 8 2 5 6 3 4 
5 3 4 1 7 6 8 9 2 
1 2 9 6 3 8 7 4 5 
8 7 3 5 1 4 9 2 6 
6 4 5 2 9 7 3 8 1 
Duration [seconds]: 0.0179607
Nodes expanded: 2424
Seed value: 697
3 5 8 4 6 2 1 7 9 
9 1 2 7 5 3 4 6 8 
4 6 7 9 8 1 2 5 3 
2 8 6 3 4 9 5 1 7 
7 9 1 8 2 5 6 3 4 
5 3 4 1 7 6 8 9 2 
1 2 9 6 3 8 7 4 5 
8 7 3 5 1 4 9 2 6 
6 4 5 2 9 7 3 8 1 
Duration [seconds]: 0.0212726
Nodes expanded: 2708
Seed value: 714
3 5 8 4 6 2 1 7 9 
9 1 2 7 5 3 4 6 8 
4 6 7 9 8 1 2 5 3 
2 8 6 3 4 9 5 1 7 
7 9 1 8 2 5 6 3 4 
5 3 4 1 7 6 8 9 2 
1 2 9 6 3 8 7 4 5 
8 7 3 5 1 4 9 2 6 
6 4 5 2 9 7 3 8 1 
Duration [seconds]: 0.018451
Nodes expanded: 2424
Seed value: 731
3 5 8 4 6 2 1 7 9 
9 1 2 7 5 3 4 6 8 
4 6 7 9 8 1 2 5 3 
2 8 6 3 4 9 5 1 7 
7 9 1 8 2 5 6 3 4 
5 3 4 1 7 6 8 9 2 
1 2 9 6 3 8 7 4 5 
8 7 3 5 1 4 9 2 6 
6 4 5 2 9 7 3 8 1 
Duration [seconds]: 0.0199537
Nodes expanded: 2604
Seed value: 748
3 5 8 4 6 2 1 7 9 
9 1 2 7 5 3 4 6 8 
4 6 7 9 8 1 2 5 3 
2 8 6 3 4 9 5 1 7 
7 9 1 8 2 5 6 3 4 
5 3 4 1 7 6 8 9 2 
1 2 9 6 3 8 7 4 5 
8 7 3 5 1 4 9 2 6 
6 4 5 2 9 7 3 8 1 
Duration [seconds]: 0.020131
Nodes expanded: 2708
Seed value: 765
3 5 8 4 6 2 1 7 9 
9 1 2 7 5 3 4 6 8 
4 6 7 9 8 1 2 5 3 
2 8 6 3 4 9 5 1 7 
7 9 1 8 2 5 6 3 4 
5 3 4 1 7 6 8 9 2 
1 2 9 6 3 8 7 4 5 
8 7 3 5 1 4 9 2 6 
6 4 5 2 9 7 3 8 1 
Duration [seconds]: 0.0186951
Nodes expanded: 2424
Seed value: 782
3 5 8 4 6 2 1 7 9 
9 1 2 7 5 3 4 6 8 
4 6 7 9 8 1 2 5 3 
2 8 6 3 4 9 5 1 7 
7 9 1 8 2 5 6 3 4 
5 3 4 1 7 6 8 9 2 
1 2 9 6 3 8 7 4 5 
8 7 3 5 1 4 9 2 6 
6 4 5 2 9 7 3 8 1 
Duration [seconds]: 0.0182946
Nodes expanded: 2424
Seed value: 799
3 5 8 4 6 2 1 7 9 
9 1 2 7 5 3 4 6 8 
4 6 7 9 8 1 2 5 3 
2 8 6 3 4 9 5 1 7 
7 9 1 8 2 5 6 3 4 
5 3 4 1 7 6 8 9 2 
1 2 9 6 3 8 7 4 5 
8 7 3 5 1 4 9 2 6 
6 4 5 2 9 7 3 8 1 
Duration [seconds]: 0.0200345
Nodes expanded: 2604
Seed value: 816
3 5 8 4 6 2 1 7 9 
9 1 2 7 5 3 4 6 8 
4 6 7 9 8 1 2 5 3 
2 8 6 3 4 9 5 1 7 
7 9 1 8 2 5 6 3 4 
5 3 4 1 7 6 8 9 2 
1 2 9 6 3 8 7 4 5 
8 7 3 5 1 4 9 2 6 
6 4 5 2 9 7 3 8 1 
Duration [seconds]: 0.0202712
Nodes expanded: 2708
Seed value: 833
3 5 8 4 6 2 1 7 9 
9 1 2 7 5 3 4 6 8 
4 6 7 9 8 1 2 5 3 
2 8 6 3 4 9 5 1 7 
7 9 1 8 2 5 6 3 4 
5 3 4 1 7 6 8 9 2 
1 2 9 6 3 8 7 4 5 
8 7 3 5 1 4 9 2 6 
6 4 5 2 9 7 3 8 1 
Duration [seconds]: 0.0186554
Nodes expanded: 2424
Seed value: 850
3 5 8 4 6 2 1 7 9 
9 1 2 7 5 3 4 6 8 
4 6 7 9 8 1 2 5 3 
2 8 6 3 4 9 5 1 7 
7 9 1 8 2 5 6 3 4 
5 3 4 1 7 6 8 9 2 
1 2 9 6 3 8 7 4 5 
8 7 3 5 1 4 9 2 6 
6 4 5 2 9 7 3 8 1 
Duration [seconds]: 0.0182936
Nodes expanded: 2424

Runtimes (s): 0.0252586,0.0199752,0.0208293,0.0186876,0.0206717,0.0190514,0.0182082,0.0204766,0.0202519,0.0204607,0.0185763,0.0186695,0.0212229,0.0194848,0.0187177,0.0180995,0.02149,0.0190537,0.019373,0.019746,0.0194668,0.0204719,0.0209257,0.0203277,0.0194488,0.0191325,0.0217596,0.0180149,0.0193,0.0191541,0.0202551,0.0196563,0.0192164,0.0200246,0.0200188,0.0179748,0.0210925,0.0180446,0.0209138,0.0179607,0.0212726,0.018451,0.0199537,0.020131,0.0186951,0.0182946,0.0200345,0.0202712,0.0186554,0.0182936,
Runtimes average (s): 0.019710338
Runtimes standard deviation (s): 0.0012995750788454

Nodes expanded: 2708,2424,2708,2424,2708,2424,2424,2424,2604,2708,2424,2424,2706,2530,2424,2424,2706,2530,2424,2708,2424,2708,2424,2708,2424,2604,2708,2424,2424,2604,2530,2424,2424,2706,2530,2424,2708,2424,2708,2424,2708,2424,2604,2708,2424,2424,2604,2708,2424,2424,
Nodex expanded average: 2541.24
Nodes expanded standard deviation: 127.02622721312
