Seed value: 17
4 1 5 8 7 9 3 2 6 
9 8 6 2 1 3 7 5 4 
7 3 2 5 4 6 8 1 9 
5 4 8 3 6 7 1 9 2 
1 6 7 9 2 5 4 8 3 
3 2 9 1 8 4 6 7 5 
2 9 4 7 3 1 5 6 8 
8 7 3 6 5 2 9 4 1 
6 5 1 4 9 8 2 3 7 
Duration [seconds]: 0.576074
Nodes expanded: 73122
Seed value: 34
4 1 5 8 7 9 3 2 6 
9 8 6 2 1 3 7 5 4 
7 3 2 5 4 6 8 1 9 
5 4 8 3 6 7 1 9 2 
1 6 7 9 2 5 4 8 3 
3 2 9 1 8 4 6 7 5 
2 9 4 7 3 1 5 6 8 
8 7 3 6 5 2 9 4 1 
6 5 1 4 9 8 2 3 7 
Duration [seconds]: 0.637333
Nodes expanded: 73122
Seed value: 51
4 1 5 8 7 9 3 2 6 
9 8 6 2 1 3 7 5 4 
7 3 2 5 4 6 8 1 9 
5 4 8 3 6 7 1 9 2 
1 6 7 9 2 5 4 8 3 
3 2 9 1 8 4 6 7 5 
2 9 4 7 3 1 5 6 8 
8 7 3 6 5 2 9 4 1 
6 5 1 4 9 8 2 3 7 
Duration [seconds]: 0.577872
Nodes expanded: 73122
Seed value: 68
4 1 5 8 7 9 3 2 6 
9 8 6 2 1 3 7 5 4 
7 3 2 5 4 6 8 1 9 
5 4 8 3 6 7 1 9 2 
1 6 7 9 2 5 4 8 3 
3 2 9 1 8 4 6 7 5 
2 9 4 7 3 1 5 6 8 
8 7 3 6 5 2 9 4 1 
6 5 1 4 9 8 2 3 7 
Duration [seconds]: 0.861453
Nodes expanded: 73122
Seed value: 85
4 1 5 8 7 9 3 2 6 
9 8 6 2 1 3 7 5 4 
7 3 2 5 4 6 8 1 9 
5 4 8 3 6 7 1 9 2 
1 6 7 9 2 5 4 8 3 
3 2 9 1 8 4 6 7 5 
2 9 4 7 3 1 5 6 8 
8 7 3 6 5 2 9 4 1 
6 5 1 4 9 8 2 3 7 
Duration [seconds]: 1.14014
Nodes expanded: 73122
Seed value: 102
4 1 5 8 7 9 3 2 6 
9 8 6 2 1 3 7 5 4 
7 3 2 5 4 6 8 1 9 
5 4 8 3 6 7 1 9 2 
1 6 7 9 2 5 4 8 3 
3 2 9 1 8 4 6 7 5 
2 9 4 7 3 1 5 6 8 
8 7 3 6 5 2 9 4 1 
6 5 1 4 9 8 2 3 7 
Duration [seconds]: 0.98974
Nodes expanded: 73122
Seed value: 119
4 1 5 8 7 9 3 2 6 
9 8 6 2 1 3 7 5 4 
7 3 2 5 4 6 8 1 9 
5 4 8 3 6 7 1 9 2 
1 6 7 9 2 5 4 8 3 
3 2 9 1 8 4 6 7 5 
2 9 4 7 3 1 5 6 8 
8 7 3 6 5 2 9 4 1 
6 5 1 4 9 8 2 3 7 
Duration [seconds]: 0.958232
Nodes expanded: 73122
Seed value: 136
4 1 5 8 7 9 3 2 6 
9 8 6 2 1 3 7 5 4 
7 3 2 5 4 6 8 1 9 
5 4 8 3 6 7 1 9 2 
1 6 7 9 2 5 4 8 3 
3 2 9 1 8 4 6 7 5 
2 9 4 7 3 1 5 6 8 
8 7 3 6 5 2 9 4 1 
6 5 1 4 9 8 2 3 7 
Duration [seconds]: 0.689587
Nodes expanded: 73122
Seed value: 153
4 1 5 8 7 9 3 2 6 
9 8 6 2 1 3 7 5 4 
7 3 2 5 4 6 8 1 9 
5 4 8 3 6 7 1 9 2 
1 6 7 9 2 5 4 8 3 
3 2 9 1 8 4 6 7 5 
2 9 4 7 3 1 5 6 8 
8 7 3 6 5 2 9 4 1 
6 5 1 4 9 8 2 3 7 
Duration [seconds]: 0.599855
Nodes expanded: 73122
Seed value: 170
4 1 5 8 7 9 3 2 6 
9 8 6 2 1 3 7 5 4 
7 3 2 5 4 6 8 1 9 
5 4 8 3 6 7 1 9 2 
1 6 7 9 2 5 4 8 3 
3 2 9 1 8 4 6 7 5 
2 9 4 7 3 1 5 6 8 
8 7 3 6 5 2 9 4 1 
6 5 1 4 9 8 2 3 7 
Duration [seconds]: 0.574191
Nodes expanded: 73122
Seed value: 187
4 1 5 8 7 9 3 2 6 
9 8 6 2 1 3 7 5 4 
7 3 2 5 4 6 8 1 9 
5 4 8 3 6 7 1 9 2 
1 6 7 9 2 5 4 8 3 
3 2 9 1 8 4 6 7 5 
2 9 4 7 3 1 5 6 8 
8 7 3 6 5 2 9 4 1 
6 5 1 4 9 8 2 3 7 
Duration [seconds]: 0.574203
Nodes expanded: 73122
Seed value: 204
4 1 5 8 7 9 3 2 6 
9 8 6 2 1 3 7 5 4 
7 3 2 5 4 6 8 1 9 
5 4 8 3 6 7 1 9 2 
1 6 7 9 2 5 4 8 3 
3 2 9 1 8 4 6 7 5 
2 9 4 7 3 1 5 6 8 
8 7 3 6 5 2 9 4 1 
6 5 1 4 9 8 2 3 7 
Duration [seconds]: 0.566818
Nodes expanded: 73122
Seed value: 221
4 1 5 8 7 9 3 2 6 
9 8 6 2 1 3 7 5 4 
7 3 2 5 4 6 8 1 9 
5 4 8 3 6 7 1 9 2 
1 6 7 9 2 5 4 8 3 
3 2 9 1 8 4 6 7 5 
2 9 4 7 3 1 5 6 8 
8 7 3 6 5 2 9 4 1 
6 5 1 4 9 8 2 3 7 
Duration [seconds]: 0.578153
Nodes expanded: 73122
Seed value: 238
4 1 5 8 7 9 3 2 6 
9 8 6 2 1 3 7 5 4 
7 3 2 5 4 6 8 1 9 
5 4 8 3 6 7 1 9 2 
1 6 7 9 2 5 4 8 3 
3 2 9 1 8 4 6 7 5 
2 9 4 7 3 1 5 6 8 
8 7 3 6 5 2 9 4 1 
6 5 1 4 9 8 2 3 7 
Duration [seconds]: 0.599612
Nodes expanded: 73122
Seed value: 255
4 1 5 8 7 9 3 2 6 
9 8 6 2 1 3 7 5 4 
7 3 2 5 4 6 8 1 9 
5 4 8 3 6 7 1 9 2 
1 6 7 9 2 5 4 8 3 
3 2 9 1 8 4 6 7 5 
2 9 4 7 3 1 5 6 8 
8 7 3 6 5 2 9 4 1 
6 5 1 4 9 8 2 3 7 
Duration [seconds]: 0.591763
Nodes expanded: 73122
Seed value: 272
4 1 5 8 7 9 3 2 6 
9 8 6 2 1 3 7 5 4 
7 3 2 5 4 6 8 1 9 
5 4 8 3 6 7 1 9 2 
1 6 7 9 2 5 4 8 3 
3 2 9 1 8 4 6 7 5 
2 9 4 7 3 1 5 6 8 
8 7 3 6 5 2 9 4 1 
6 5 1 4 9 8 2 3 7 
Duration [seconds]: 0.580408
Nodes expanded: 73122
Seed value: 289
4 1 5 8 7 9 3 2 6 
9 8 6 2 1 3 7 5 4 
7 3 2 5 4 6 8 1 9 
5 4 8 3 6 7 1 9 2 
1 6 7 9 2 5 4 8 3 
3 2 9 1 8 4 6 7 5 
2 9 4 7 3 1 5 6 8 
8 7 3 6 5 2 9 4 1 
6 5 1 4 9 8 2 3 7 
Duration [seconds]: 0.595998
Nodes expanded: 73122
Seed value: 306
4 1 5 8 7 9 3 2 6 
9 8 6 2 1 3 7 5 4 
7 3 2 5 4 6 8 1 9 
5 4 8 3 6 7 1 9 2 
1 6 7 9 2 5 4 8 3 
3 2 9 1 8 4 6 7 5 
2 9 4 7 3 1 5 6 8 
8 7 3 6 5 2 9 4 1 
6 5 1 4 9 8 2 3 7 
Duration [seconds]: 0.582163
Nodes expanded: 73122
Seed value: 323
4 1 5 8 7 9 3 2 6 
9 8 6 2 1 3 7 5 4 
7 3 2 5 4 6 8 1 9 
5 4 8 3 6 7 1 9 2 
1 6 7 9 2 5 4 8 3 
3 2 9 1 8 4 6 7 5 
2 9 4 7 3 1 5 6 8 
8 7 3 6 5 2 9 4 1 
6 5 1 4 9 8 2 3 7 
Duration [seconds]: 0.603826
Nodes expanded: 73122
Seed value: 340
4 1 5 8 7 9 3 2 6 
9 8 6 2 1 3 7 5 4 
7 3 2 5 4 6 8 1 9 
5 4 8 3 6 7 1 9 2 
1 6 7 9 2 5 4 8 3 
3 2 9 1 8 4 6 7 5 
2 9 4 7 3 1 5 6 8 
8 7 3 6 5 2 9 4 1 
6 5 1 4 9 8 2 3 7 
Duration [seconds]: 0.582744
Nodes expanded: 73122
Seed value: 357
4 1 5 8 7 9 3 2 6 
9 8 6 2 1 3 7 5 4 
7 3 2 5 4 6 8 1 9 
5 4 8 3 6 7 1 9 2 
1 6 7 9 2 5 4 8 3 
3 2 9 1 8 4 6 7 5 
2 9 4 7 3 1 5 6 8 
8 7 3 6 5 2 9 4 1 
6 5 1 4 9 8 2 3 7 
Duration [seconds]: 0.594655
Nodes expanded: 73122
Seed value: 374
4 1 5 8 7 9 3 2 6 
9 8 6 2 1 3 7 5 4 
7 3 2 5 4 6 8 1 9 
5 4 8 3 6 7 1 9 2 
1 6 7 9 2 5 4 8 3 
3 2 9 1 8 4 6 7 5 
2 9 4 7 3 1 5 6 8 
8 7 3 6 5 2 9 4 1 
6 5 1 4 9 8 2 3 7 
Duration [seconds]: 0.578473
Nodes expanded: 73122
Seed value: 391
4 1 5 8 7 9 3 2 6 
9 8 6 2 1 3 7 5 4 
7 3 2 5 4 6 8 1 9 
5 4 8 3 6 7 1 9 2 
1 6 7 9 2 5 4 8 3 
3 2 9 1 8 4 6 7 5 
2 9 4 7 3 1 5 6 8 
8 7 3 6 5 2 9 4 1 
6 5 1 4 9 8 2 3 7 
Duration [seconds]: 0.58043
Nodes expanded: 73122
Seed value: 408
4 1 5 8 7 9 3 2 6 
9 8 6 2 1 3 7 5 4 
7 3 2 5 4 6 8 1 9 
5 4 8 3 6 7 1 9 2 
1 6 7 9 2 5 4 8 3 
3 2 9 1 8 4 6 7 5 
2 9 4 7 3 1 5 6 8 
8 7 3 6 5 2 9 4 1 
6 5 1 4 9 8 2 3 7 
Duration [seconds]: 0.589003
Nodes expanded: 73122
Seed value: 425
4 1 5 8 7 9 3 2 6 
9 8 6 2 1 3 7 5 4 
7 3 2 5 4 6 8 1 9 
5 4 8 3 6 7 1 9 2 
1 6 7 9 2 5 4 8 3 
3 2 9 1 8 4 6 7 5 
2 9 4 7 3 1 5 6 8 
8 7 3 6 5 2 9 4 1 
6 5 1 4 9 8 2 3 7 
Duration [seconds]: 0.581897
Nodes expanded: 73122
Seed value: 442
4 1 5 8 7 9 3 2 6 
9 8 6 2 1 3 7 5 4 
7 3 2 5 4 6 8 1 9 
5 4 8 3 6 7 1 9 2 
1 6 7 9 2 5 4 8 3 
3 2 9 1 8 4 6 7 5 
2 9 4 7 3 1 5 6 8 
8 7 3 6 5 2 9 4 1 
6 5 1 4 9 8 2 3 7 
Duration [seconds]: 0.599493
Nodes expanded: 73122
Seed value: 459
4 1 5 8 7 9 3 2 6 
9 8 6 2 1 3 7 5 4 
7 3 2 5 4 6 8 1 9 
5 4 8 3 6 7 1 9 2 
1 6 7 9 2 5 4 8 3 
3 2 9 1 8 4 6 7 5 
2 9 4 7 3 1 5 6 8 
8 7 3 6 5 2 9 4 1 
6 5 1 4 9 8 2 3 7 
Duration [seconds]: 0.593265
Nodes expanded: 73122
Seed value: 476
4 1 5 8 7 9 3 2 6 
9 8 6 2 1 3 7 5 4 
7 3 2 5 4 6 8 1 9 
5 4 8 3 6 7 1 9 2 
1 6 7 9 2 5 4 8 3 
3 2 9 1 8 4 6 7 5 
2 9 4 7 3 1 5 6 8 
8 7 3 6 5 2 9 4 1 
6 5 1 4 9 8 2 3 7 
Duration [seconds]: 0.598174
Nodes expanded: 73122
Seed value: 493
4 1 5 8 7 9 3 2 6 
9 8 6 2 1 3 7 5 4 
7 3 2 5 4 6 8 1 9 
5 4 8 3 6 7 1 9 2 
1 6 7 9 2 5 4 8 3 
3 2 9 1 8 4 6 7 5 
2 9 4 7 3 1 5 6 8 
8 7 3 6 5 2 9 4 1 
6 5 1 4 9 8 2 3 7 
Duration [seconds]: 0.608404
Nodes expanded: 73122
Seed value: 510
4 1 5 8 7 9 3 2 6 
9 8 6 2 1 3 7 5 4 
7 3 2 5 4 6 8 1 9 
5 4 8 3 6 7 1 9 2 
1 6 7 9 2 5 4 8 3 
3 2 9 1 8 4 6 7 5 
2 9 4 7 3 1 5 6 8 
8 7 3 6 5 2 9 4 1 
6 5 1 4 9 8 2 3 7 
Duration [seconds]: 0.589289
Nodes expanded: 73122
Seed value: 527
4 1 5 8 7 9 3 2 6 
9 8 6 2 1 3 7 5 4 
7 3 2 5 4 6 8 1 9 
5 4 8 3 6 7 1 9 2 
1 6 7 9 2 5 4 8 3 
3 2 9 1 8 4 6 7 5 
2 9 4 7 3 1 5 6 8 
8 7 3 6 5 2 9 4 1 
6 5 1 4 9 8 2 3 7 
Duration [seconds]: 0.620844
Nodes expanded: 73122
Seed value: 544
4 1 5 8 7 9 3 2 6 
9 8 6 2 1 3 7 5 4 
7 3 2 5 4 6 8 1 9 
5 4 8 3 6 7 1 9 2 
1 6 7 9 2 5 4 8 3 
3 2 9 1 8 4 6 7 5 
2 9 4 7 3 1 5 6 8 
8 7 3 6 5 2 9 4 1 
6 5 1 4 9 8 2 3 7 
Duration [seconds]: 0.688522
Nodes expanded: 73122
Seed value: 561
4 1 5 8 7 9 3 2 6 
9 8 6 2 1 3 7 5 4 
7 3 2 5 4 6 8 1 9 
5 4 8 3 6 7 1 9 2 
1 6 7 9 2 5 4 8 3 
3 2 9 1 8 4 6 7 5 
2 9 4 7 3 1 5 6 8 
8 7 3 6 5 2 9 4 1 
6 5 1 4 9 8 2 3 7 
Duration [seconds]: 0.600202
Nodes expanded: 73122
Seed value: 578
4 1 5 8 7 9 3 2 6 
9 8 6 2 1 3 7 5 4 
7 3 2 5 4 6 8 1 9 
5 4 8 3 6 7 1 9 2 
1 6 7 9 2 5 4 8 3 
3 2 9 1 8 4 6 7 5 
2 9 4 7 3 1 5 6 8 
8 7 3 6 5 2 9 4 1 
6 5 1 4 9 8 2 3 7 
Duration [seconds]: 0.662721
Nodes expanded: 73122
Seed value: 595
4 1 5 8 7 9 3 2 6 
9 8 6 2 1 3 7 5 4 
7 3 2 5 4 6 8 1 9 
5 4 8 3 6 7 1 9 2 
1 6 7 9 2 5 4 8 3 
3 2 9 1 8 4 6 7 5 
2 9 4 7 3 1 5 6 8 
8 7 3 6 5 2 9 4 1 
6 5 1 4 9 8 2 3 7 
Duration [seconds]: 0.633734
Nodes expanded: 73122
Seed value: 612
4 1 5 8 7 9 3 2 6 
9 8 6 2 1 3 7 5 4 
7 3 2 5 4 6 8 1 9 
5 4 8 3 6 7 1 9 2 
1 6 7 9 2 5 4 8 3 
3 2 9 1 8 4 6 7 5 
2 9 4 7 3 1 5 6 8 
8 7 3 6 5 2 9 4 1 
6 5 1 4 9 8 2 3 7 
Duration [seconds]: 0.638499
Nodes expanded: 73122
Seed value: 629
4 1 5 8 7 9 3 2 6 
9 8 6 2 1 3 7 5 4 
7 3 2 5 4 6 8 1 9 
5 4 8 3 6 7 1 9 2 
1 6 7 9 2 5 4 8 3 
3 2 9 1 8 4 6 7 5 
2 9 4 7 3 1 5 6 8 
8 7 3 6 5 2 9 4 1 
6 5 1 4 9 8 2 3 7 
Duration [seconds]: 0.612142
Nodes expanded: 73122
Seed value: 646
4 1 5 8 7 9 3 2 6 
9 8 6 2 1 3 7 5 4 
7 3 2 5 4 6 8 1 9 
5 4 8 3 6 7 1 9 2 
1 6 7 9 2 5 4 8 3 
3 2 9 1 8 4 6 7 5 
2 9 4 7 3 1 5 6 8 
8 7 3 6 5 2 9 4 1 
6 5 1 4 9 8 2 3 7 
Duration [seconds]: 0.579715
Nodes expanded: 73122
Seed value: 663
4 1 5 8 7 9 3 2 6 
9 8 6 2 1 3 7 5 4 
7 3 2 5 4 6 8 1 9 
5 4 8 3 6 7 1 9 2 
1 6 7 9 2 5 4 8 3 
3 2 9 1 8 4 6 7 5 
2 9 4 7 3 1 5 6 8 
8 7 3 6 5 2 9 4 1 
6 5 1 4 9 8 2 3 7 
Duration [seconds]: 0.616376
Nodes expanded: 73122
Seed value: 680
4 1 5 8 7 9 3 2 6 
9 8 6 2 1 3 7 5 4 
7 3 2 5 4 6 8 1 9 
5 4 8 3 6 7 1 9 2 
1 6 7 9 2 5 4 8 3 
3 2 9 1 8 4 6 7 5 
2 9 4 7 3 1 5 6 8 
8 7 3 6 5 2 9 4 1 
6 5 1 4 9 8 2 3 7 
Duration [seconds]: 0.624939
Nodes expanded: 73122
Seed value: 697
4 1 5 8 7 9 3 2 6 
9 8 6 2 1 3 7 5 4 
7 3 2 5 4 6 8 1 9 
5 4 8 3 6 7 1 9 2 
1 6 7 9 2 5 4 8 3 
3 2 9 1 8 4 6 7 5 
2 9 4 7 3 1 5 6 8 
8 7 3 6 5 2 9 4 1 
6 5 1 4 9 8 2 3 7 
Duration [seconds]: 0.624432
Nodes expanded: 73122
Seed value: 714
4 1 5 8 7 9 3 2 6 
9 8 6 2 1 3 7 5 4 
7 3 2 5 4 6 8 1 9 
5 4 8 3 6 7 1 9 2 
1 6 7 9 2 5 4 8 3 
3 2 9 1 8 4 6 7 5 
2 9 4 7 3 1 5 6 8 
8 7 3 6 5 2 9 4 1 
6 5 1 4 9 8 2 3 7 
Duration [seconds]: 0.590733
Nodes expanded: 73122
Seed value: 731
4 1 5 8 7 9 3 2 6 
9 8 6 2 1 3 7 5 4 
7 3 2 5 4 6 8 1 9 
5 4 8 3 6 7 1 9 2 
1 6 7 9 2 5 4 8 3 
3 2 9 1 8 4 6 7 5 
2 9 4 7 3 1 5 6 8 
8 7 3 6 5 2 9 4 1 
6 5 1 4 9 8 2 3 7 
Duration [seconds]: 0.587871
Nodes expanded: 73122
Seed value: 748
4 1 5 8 7 9 3 2 6 
9 8 6 2 1 3 7 5 4 
7 3 2 5 4 6 8 1 9 
5 4 8 3 6 7 1 9 2 
1 6 7 9 2 5 4 8 3 
3 2 9 1 8 4 6 7 5 
2 9 4 7 3 1 5 6 8 
8 7 3 6 5 2 9 4 1 
6 5 1 4 9 8 2 3 7 
Duration [seconds]: 0.614099
Nodes expanded: 73122
Seed value: 765
4 1 5 8 7 9 3 2 6 
9 8 6 2 1 3 7 5 4 
7 3 2 5 4 6 8 1 9 
5 4 8 3 6 7 1 9 2 
1 6 7 9 2 5 4 8 3 
3 2 9 1 8 4 6 7 5 
2 9 4 7 3 1 5 6 8 
8 7 3 6 5 2 9 4 1 
6 5 1 4 9 8 2 3 7 
Duration [seconds]: 0.640563
Nodes expanded: 73122
Seed value: 782
4 1 5 8 7 9 3 2 6 
9 8 6 2 1 3 7 5 4 
7 3 2 5 4 6 8 1 9 
5 4 8 3 6 7 1 9 2 
1 6 7 9 2 5 4 8 3 
3 2 9 1 8 4 6 7 5 
2 9 4 7 3 1 5 6 8 
8 7 3 6 5 2 9 4 1 
6 5 1 4 9 8 2 3 7 
Duration [seconds]: 0.63237
Nodes expanded: 73122
Seed value: 799
4 1 5 8 7 9 3 2 6 
9 8 6 2 1 3 7 5 4 
7 3 2 5 4 6 8 1 9 
5 4 8 3 6 7 1 9 2 
1 6 7 9 2 5 4 8 3 
3 2 9 1 8 4 6 7 5 
2 9 4 7 3 1 5 6 8 
8 7 3 6 5 2 9 4 1 
6 5 1 4 9 8 2 3 7 
Duration [seconds]: 0.625271
Nodes expanded: 73122
Seed value: 816
4 1 5 8 7 9 3 2 6 
9 8 6 2 1 3 7 5 4 
7 3 2 5 4 6 8 1 9 
5 4 8 3 6 7 1 9 2 
1 6 7 9 2 5 4 8 3 
3 2 9 1 8 4 6 7 5 
2 9 4 7 3 1 5 6 8 
8 7 3 6 5 2 9 4 1 
6 5 1 4 9 8 2 3 7 
Duration [seconds]: 0.599458
Nodes expanded: 73122
Seed value: 833
4 1 5 8 7 9 3 2 6 
9 8 6 2 1 3 7 5 4 
7 3 2 5 4 6 8 1 9 
5 4 8 3 6 7 1 9 2 
1 6 7 9 2 5 4 8 3 
3 2 9 1 8 4 6 7 5 
2 9 4 7 3 1 5 6 8 
8 7 3 6 5 2 9 4 1 
6 5 1 4 9 8 2 3 7 
Duration [seconds]: 0.593599
Nodes expanded: 73122
Seed value: 850
4 1 5 8 7 9 3 2 6 
9 8 6 2 1 3 7 5 4 
7 3 2 5 4 6 8 1 9 
5 4 8 3 6 7 1 9 2 
1 6 7 9 2 5 4 8 3 
3 2 9 1 8 4 6 7 5 
2 9 4 7 3 1 5 6 8 
8 7 3 6 5 2 9 4 1 
6 5 1 4 9 8 2 3 7 
Duration [seconds]: 0.579725
Nodes expanded: 73122

Runtimes (s): 0.576074,0.637333,0.577872,0.861453,1.14014,0.98974,0.958232,0.689587,0.599855,0.574191,0.574203,0.566818,0.578153,0.599612,0.591763,0.580408,0.595998,0.582163,0.603826,0.582744,0.594655,0.578473,0.58043,0.589003,0.581897,0.599493,0.593265,0.598174,0.608404,0.589289,0.620844,0.688522,0.600202,0.662721,0.633734,0.638499,0.612142,0.579715,0.616376,0.624939,0.624432,0.590733,0.587871,0.614099,0.640563,0.63237,0.625271,0.599458,0.593599,0.579725,
Runtimes average (s): 0.63478126
Runtimes standard deviation (s): 0.11108412236892

Nodes expanded: 73122,73122,73122,73122,73122,73122,73122,73122,73122,73122,73122,73122,73122,73122,73122,73122,73122,73122,73122,73122,73122,73122,73122,73122,73122,73122,73122,73122,73122,73122,73122,73122,73122,73122,73122,73122,73122,73122,73122,73122,73122,73122,73122,73122,73122,73122,73122,73122,73122,73122,
Nodes expanded average: 73122
Nodes expanded standard deviation: 0
