Seed value: 17
1 8 7 6 3 4 9 2 5 
4 6 2 5 8 9 1 3 7 
3 9 5 7 1 2 8 6 4 
9 7 6 1 4 8 3 5 2 
5 4 1 2 7 3 6 9 8 
8 2 3 9 5 6 4 7 1 
6 1 9 8 2 7 5 4 3 
7 3 8 4 9 5 2 1 6 
2 5 4 3 6 1 7 8 9 
Duration [seconds]: 0.0280276
Nodes expanded: 3234
Seed value: 34
1 8 7 6 3 4 9 2 5 
4 6 2 5 8 9 1 3 7 
3 9 5 7 1 2 8 6 4 
9 7 6 1 4 8 3 5 2 
5 4 1 2 7 3 6 9 8 
8 2 3 9 5 6 4 7 1 
6 1 9 8 2 7 5 4 3 
7 3 8 4 9 5 2 1 6 
2 5 4 3 6 1 7 8 9 
Duration [seconds]: 0.0289884
Nodes expanded: 3802
Seed value: 51
1 8 7 6 3 4 9 2 5 
4 6 2 5 8 9 1 3 7 
3 9 5 7 1 2 8 6 4 
9 7 6 1 4 8 3 5 2 
5 4 1 2 7 3 6 9 8 
8 2 3 9 5 6 4 7 1 
6 1 9 8 2 7 5 4 3 
7 3 8 4 9 5 2 1 6 
2 5 4 3 6 1 7 8 9 
Duration [seconds]: 0.0287408
Nodes expanded: 3689
Seed value: 68
1 8 7 6 3 4 9 2 5 
4 6 2 5 8 9 1 3 7 
3 9 5 7 1 2 8 6 4 
9 7 6 1 4 8 3 5 2 
5 4 1 2 7 3 6 9 8 
8 2 3 9 5 6 4 7 1 
6 1 9 8 2 7 5 4 3 
7 3 8 4 9 5 2 1 6 
2 5 4 3 6 1 7 8 9 
Duration [seconds]: 0.0262499
Nodes expanded: 3655
Seed value: 85
1 8 7 6 3 4 9 2 5 
4 6 2 5 8 9 1 3 7 
3 9 5 7 1 2 8 6 4 
9 7 6 1 4 8 3 5 2 
5 4 1 2 7 3 6 9 8 
8 2 3 9 5 6 4 7 1 
6 1 9 8 2 7 5 4 3 
7 3 8 4 9 5 2 1 6 
2 5 4 3 6 1 7 8 9 
Duration [seconds]: 0.0245116
Nodes expanded: 3234
Seed value: 102
1 8 7 6 3 4 9 2 5 
4 6 2 5 8 9 1 3 7 
3 9 5 7 1 2 8 6 4 
9 7 6 1 4 8 3 5 2 
5 4 1 2 7 3 6 9 8 
8 2 3 9 5 6 4 7 1 
6 1 9 8 2 7 5 4 3 
7 3 8 4 9 5 2 1 6 
2 5 4 3 6 1 7 8 9 
Duration [seconds]: 0.0281468
Nodes expanded: 3802
Seed value: 119
1 8 7 6 3 4 9 2 5 
4 6 2 5 8 9 1 3 7 
3 9 5 7 1 2 8 6 4 
9 7 6 1 4 8 3 5 2 
5 4 1 2 7 3 6 9 8 
8 2 3 9 5 6 4 7 1 
6 1 9 8 2 7 5 4 3 
7 3 8 4 9 5 2 1 6 
2 5 4 3 6 1 7 8 9 
Duration [seconds]: 0.0240291
Nodes expanded: 3347
Seed value: 136
1 8 7 6 3 4 9 2 5 
4 6 2 5 8 9 1 3 7 
3 9 5 7 1 2 8 6 4 
9 7 6 1 4 8 3 5 2 
5 4 1 2 7 3 6 9 8 
8 2 3 9 5 6 4 7 1 
6 1 9 8 2 7 5 4 3 
7 3 8 4 9 5 2 1 6 
2 5 4 3 6 1 7 8 9 
Duration [seconds]: 0.0290857
Nodes expanded: 3802
Seed value: 153
1 8 7 6 3 4 9 2 5 
4 6 2 5 8 9 1 3 7 
3 9 5 7 1 2 8 6 4 
9 7 6 1 4 8 3 5 2 
5 4 1 2 7 3 6 9 8 
8 2 3 9 5 6 4 7 1 
6 1 9 8 2 7 5 4 3 
7 3 8 4 9 5 2 1 6 
2 5 4 3 6 1 7 8 9 
Duration [seconds]: 0.0241344
Nodes expanded: 3203
Seed value: 170
1 8 7 6 3 4 9 2 5 
4 6 2 5 8 9 1 3 7 
3 9 5 7 1 2 8 6 4 
9 7 6 1 4 8 3 5 2 
5 4 1 2 7 3 6 9 8 
8 2 3 9 5 6 4 7 1 
6 1 9 8 2 7 5 4 3 
7 3 8 4 9 5 2 1 6 
2 5 4 3 6 1 7 8 9 
Duration [seconds]: 0.0247938
Nodes expanded: 3381
Seed value: 187
1 8 7 6 3 4 9 2 5 
4 6 2 5 8 9 1 3 7 
3 9 5 7 1 2 8 6 4 
9 7 6 1 4 8 3 5 2 
5 4 1 2 7 3 6 9 8 
8 2 3 9 5 6 4 7 1 
6 1 9 8 2 7 5 4 3 
7 3 8 4 9 5 2 1 6 
2 5 4 3 6 1 7 8 9 
Duration [seconds]: 0.0258013
Nodes expanded: 3347
Seed value: 204
1 8 7 6 3 4 9 2 5 
4 6 2 5 8 9 1 3 7 
3 9 5 7 1 2 8 6 4 
9 7 6 1 4 8 3 5 2 
5 4 1 2 7 3 6 9 8 
8 2 3 9 5 6 4 7 1 
6 1 9 8 2 7 5 4 3 
7 3 8 4 9 5 2 1 6 
2 5 4 3 6 1 7 8 9 
Duration [seconds]: 0.0308044
Nodes expanded: 3802
Seed value: 221
1 8 7 6 3 4 9 2 5 
4 6 2 5 8 9 1 3 7 
3 9 5 7 1 2 8 6 4 
9 7 6 1 4 8 3 5 2 
5 4 1 2 7 3 6 9 8 
8 2 3 9 5 6 4 7 1 
6 1 9 8 2 7 5 4 3 
7 3 8 4 9 5 2 1 6 
2 5 4 3 6 1 7 8 9 
Duration [seconds]: 0.0290039
Nodes expanded: 3845
Seed value: 238
1 8 7 6 3 4 9 2 5 
4 6 2 5 8 9 1 3 7 
3 9 5 7 1 2 8 6 4 
9 7 6 1 4 8 3 5 2 
5 4 1 2 7 3 6 9 8 
8 2 3 9 5 6 4 7 1 
6 1 9 8 2 7 5 4 3 
7 3 8 4 9 5 2 1 6 
2 5 4 3 6 1 7 8 9 
Duration [seconds]: 0.0247221
Nodes expanded: 3222
Seed value: 255
1 8 7 6 3 4 9 2 5 
4 6 2 5 8 9 1 3 7 
3 9 5 7 1 2 8 6 4 
9 7 6 1 4 8 3 5 2 
5 4 1 2 7 3 6 9 8 
8 2 3 9 5 6 4 7 1 
6 1 9 8 2 7 5 4 3 
7 3 8 4 9 5 2 1 6 
2 5 4 3 6 1 7 8 9 
Duration [seconds]: 0.0259222
Nodes expanded: 3347
Seed value: 272
1 8 7 6 3 4 9 2 5 
4 6 2 5 8 9 1 3 7 
3 9 5 7 1 2 8 6 4 
9 7 6 1 4 8 3 5 2 
5 4 1 2 7 3 6 9 8 
8 2 3 9 5 6 4 7 1 
6 1 9 8 2 7 5 4 3 
7 3 8 4 9 5 2 1 6 
2 5 4 3 6 1 7 8 9 
Duration [seconds]: 0.0256056
Nodes expanded: 3494
Seed value: 289
1 8 7 6 3 4 9 2 5 
4 6 2 5 8 9 1 3 7 
3 9 5 7 1 2 8 6 4 
9 7 6 1 4 8 3 5 2 
5 4 1 2 7 3 6 9 8 
8 2 3 9 5 6 4 7 1 
6 1 9 8 2 7 5 4 3 
7 3 8 4 9 5 2 1 6 
2 5 4 3 6 1 7 8 9 
Duration [seconds]: 0.031542
Nodes expanded: 3845
Seed value: 306
1 8 7 6 3 4 9 2 5 
4 6 2 5 8 9 1 3 7 
3 9 5 7 1 2 8 6 4 
9 7 6 1 4 8 3 5 2 
5 4 1 2 7 3 6 9 8 
8 2 3 9 5 6 4 7 1 
6 1 9 8 2 7 5 4 3 
7 3 8 4 9 5 2 1 6 
2 5 4 3 6 1 7 8 9 
Duration [seconds]: 0.0249034
Nodes expanded: 3222
Seed value: 323
1 8 7 6 3 4 9 2 5 
4 6 2 5 8 9 1 3 7 
3 9 5 7 1 2 8 6 4 
9 7 6 1 4 8 3 5 2 
5 4 1 2 7 3 6 9 8 
8 2 3 9 5 6 4 7 1 
6 1 9 8 2 7 5 4 3 
7 3 8 4 9 5 2 1 6 
2 5 4 3 6 1 7 8 9 
Duration [seconds]: 0.028076
Nodes expanded: 3802
Seed value: 340
1 8 7 6 3 4 9 2 5 
4 6 2 5 8 9 1 3 7 
3 9 5 7 1 2 8 6 4 
9 7 6 1 4 8 3 5 2 
5 4 1 2 7 3 6 9 8 
8 2 3 9 5 6 4 7 1 
6 1 9 8 2 7 5 4 3 
7 3 8 4 9 5 2 1 6 
2 5 4 3 6 1 7 8 9 
Duration [seconds]: 0.0286013
Nodes expanded: 3689
Seed value: 357
1 8 7 6 3 4 9 2 5 
4 6 2 5 8 9 1 3 7 
3 9 5 7 1 2 8 6 4 
9 7 6 1 4 8 3 5 2 
5 4 1 2 7 3 6 9 8 
8 2 3 9 5 6 4 7 1 
6 1 9 8 2 7 5 4 3 
7 3 8 4 9 5 2 1 6 
2 5 4 3 6 1 7 8 9 
Duration [seconds]: 0.0277464
Nodes expanded: 3655
Seed value: 374
1 8 7 6 3 4 9 2 5 
4 6 2 5 8 9 1 3 7 
3 9 5 7 1 2 8 6 4 
9 7 6 1 4 8 3 5 2 
5 4 1 2 7 3 6 9 8 
8 2 3 9 5 6 4 7 1 
6 1 9 8 2 7 5 4 3 
7 3 8 4 9 5 2 1 6 
2 5 4 3 6 1 7 8 9 
Duration [seconds]: 0.02347
Nodes expanded: 3234
Seed value: 391
1 8 7 6 3 4 9 2 5 
4 6 2 5 8 9 1 3 7 
3 9 5 7 1 2 8 6 4 
9 7 6 1 4 8 3 5 2 
5 4 1 2 7 3 6 9 8 
8 2 3 9 5 6 4 7 1 
6 1 9 8 2 7 5 4 3 
7 3 8 4 9 5 2 1 6 
2 5 4 3 6 1 7 8 9 
Duration [seconds]: 0.0290459
Nodes expanded: 3802
Seed value: 408
1 8 7 6 3 4 9 2 5 
4 6 2 5 8 9 1 3 7 
3 9 5 7 1 2 8 6 4 
9 7 6 1 4 8 3 5 2 
5 4 1 2 7 3 6 9 8 
8 2 3 9 5 6 4 7 1 
6 1 9 8 2 7 5 4 3 
7 3 8 4 9 5 2 1 6 
2 5 4 3 6 1 7 8 9 
Duration [seconds]: 0.0276394
Nodes expanded: 3689
Seed value: 425
1 8 7 6 3 4 9 2 5 
4 6 2 5 8 9 1 3 7 
3 9 5 7 1 2 8 6 4 
9 7 6 1 4 8 3 5 2 
5 4 1 2 7 3 6 9 8 
8 2 3 9 5 6 4 7 1 
6 1 9 8 2 7 5 4 3 
7 3 8 4 9 5 2 1 6 
2 5 4 3 6 1 7 8 9 
Duration [seconds]: 0.0288555
Nodes expanded: 3802
Seed value: 442
1 8 7 6 3 4 9 2 5 
4 6 2 5 8 9 1 3 7 
3 9 5 7 1 2 8 6 4 
9 7 6 1 4 8 3 5 2 
5 4 1 2 7 3 6 9 8 
8 2 3 9 5 6 4 7 1 
6 1 9 8 2 7 5 4 3 
7 3 8 4 9 5 2 1 6 
2 5 4 3 6 1 7 8 9 
Duration [seconds]: 0.0240029
Nodes expanded: 3203
Seed value: 459
1 8 7 6 3 4 9 2 5 
4 6 2 5 8 9 1 3 7 
3 9 5 7 1 2 8 6 4 
9 7 6 1 4 8 3 5 2 
5 4 1 2 7 3 6 9 8 
8 2 3 9 5 6 4 7 1 
6 1 9 8 2 7 5 4 3 
7 3 8 4 9 5 2 1 6 
2 5 4 3 6 1 7 8 9 
Duration [seconds]: 0.0276837
Nodes expanded: 3381
Seed value: 476
1 8 7 6 3 4 9 2 5 
4 6 2 5 8 9 1 3 7 
3 9 5 7 1 2 8 6 4 
9 7 6 1 4 8 3 5 2 
5 4 1 2 7 3 6 9 8 
8 2 3 9 5 6 4 7 1 
6 1 9 8 2 7 5 4 3 
7 3 8 4 9 5 2 1 6 
2 5 4 3 6 1 7 8 9 
Duration [seconds]: 0.0275863
Nodes expanded: 3347
Seed value: 493
1 8 7 6 3 4 9 2 5 
4 6 2 5 8 9 1 3 7 
3 9 5 7 1 2 8 6 4 
9 7 6 1 4 8 3 5 2 
5 4 1 2 7 3 6 9 8 
8 2 3 9 5 6 4 7 1 
6 1 9 8 2 7 5 4 3 
7 3 8 4 9 5 2 1 6 
2 5 4 3 6 1 7 8 9 
Duration [seconds]: 0.0285666
Nodes expanded: 3802
Seed value: 510
1 8 7 6 3 4 9 2 5 
4 6 2 5 8 9 1 3 7 
3 9 5 7 1 2 8 6 4 
9 7 6 1 4 8 3 5 2 
5 4 1 2 7 3 6 9 8 
8 2 3 9 5 6 4 7 1 
6 1 9 8 2 7 5 4 3 
7 3 8 4 9 5 2 1 6 
2 5 4 3 6 1 7 8 9 
Duration [seconds]: 0.0249911
Nodes expanded: 3203
Seed value: 527
1 8 7 6 3 4 9 2 5 
4 6 2 5 8 9 1 3 7 
3 9 5 7 1 2 8 6 4 
9 7 6 1 4 8 3 5 2 
5 4 1 2 7 3 6 9 8 
8 2 3 9 5 6 4 7 1 
6 1 9 8 2 7 5 4 3 
7 3 8 4 9 5 2 1 6 
2 5 4 3 6 1 7 8 9 
Duration [seconds]: 0.0235911
Nodes expanded: 3222
Seed value: 544
1 8 7 6 3 4 9 2 5 
4 6 2 5 8 9 1 3 7 
3 9 5 7 1 2 8 6 4 
9 7 6 1 4 8 3 5 2 
5 4 1 2 7 3 6 9 8 
8 2 3 9 5 6 4 7 1 
6 1 9 8 2 7 5 4 3 
7 3 8 4 9 5 2 1 6 
2 5 4 3 6 1 7 8 9 
Duration [seconds]: 0.0261656
Nodes expanded: 3347
Seed value: 561
1 8 7 6 3 4 9 2 5 
4 6 2 5 8 9 1 3 7 
3 9 5 7 1 2 8 6 4 
9 7 6 1 4 8 3 5 2 
5 4 1 2 7 3 6 9 8 
8 2 3 9 5 6 4 7 1 
6 1 9 8 2 7 5 4 3 
7 3 8 4 9 5 2 1 6 
2 5 4 3 6 1 7 8 9 
Duration [seconds]: 0.0265928
Nodes expanded: 3494
Seed value: 578
1 8 7 6 3 4 9 2 5 
4 6 2 5 8 9 1 3 7 
3 9 5 7 1 2 8 6 4 
9 7 6 1 4 8 3 5 2 
5 4 1 2 7 3 6 9 8 
8 2 3 9 5 6 4 7 1 
6 1 9 8 2 7 5 4 3 
7 3 8 4 9 5 2 1 6 
2 5 4 3 6 1 7 8 9 
Duration [seconds]: 0.0281478
Nodes expanded: 3845
Seed value: 595
1 8 7 6 3 4 9 2 5 
4 6 2 5 8 9 1 3 7 
3 9 5 7 1 2 8 6 4 
9 7 6 1 4 8 3 5 2 
5 4 1 2 7 3 6 9 8 
8 2 3 9 5 6 4 7 1 
6 1 9 8 2 7 5 4 3 
7 3 8 4 9 5 2 1 6 
2 5 4 3 6 1 7 8 9 
Duration [seconds]: 0.0290756
Nodes expanded: 3222
Seed value: 612
1 8 7 6 3 4 9 2 5 
4 6 2 5 8 9 1 3 7 
3 9 5 7 1 2 8 6 4 
9 7 6 1 4 8 3 5 2 
5 4 1 2 7 3 6 9 8 
8 2 3 9 5 6 4 7 1 
6 1 9 8 2 7 5 4 3 
7 3 8 4 9 5 2 1 6 
2 5 4 3 6 1 7 8 9 
Duration [seconds]: 0.0257171
Nodes expanded: 3347
Seed value: 629
1 8 7 6 3 4 9 2 5 
4 6 2 5 8 9 1 3 7 
3 9 5 7 1 2 8 6 4 
9 7 6 1 4 8 3 5 2 
5 4 1 2 7 3 6 9 8 
8 2 3 9 5 6 4 7 1 
6 1 9 8 2 7 5 4 3 
7 3 8 4 9 5 2 1 6 
2 5 4 3 6 1 7 8 9 
Duration [seconds]: 0.0273215
Nodes expanded: 3689
Seed value: 646
1 8 7 6 3 4 9 2 5 
4 6 2 5 8 9 1 3 7 
3 9 5 7 1 2 8 6 4 
9 7 6 1 4 8 3 5 2 
5 4 1 2 7 3 6 9 8 
8 2 3 9 5 6 4 7 1 
6 1 9 8 2 7 5 4 3 
7 3 8 4 9 5 2 1 6 
2 5 4 3 6 1 7 8 9 
Duration [seconds]: 0.027522
Nodes expanded: 3655
Seed value: 663
1 8 7 6 3 4 9 2 5 
4 6 2 5 8 9 1 3 7 
3 9 5 7 1 2 8 6 4 
9 7 6 1 4 8 3 5 2 
5 4 1 2 7 3 6 9 8 
8 2 3 9 5 6 4 7 1 
6 1 9 8 2 7 5 4 3 
7 3 8 4 9 5 2 1 6 
2 5 4 3 6 1 7 8 9 
Duration [seconds]: 0.0249271
Nodes expanded: 3234
Seed value: 680
1 8 7 6 3 4 9 2 5 
4 6 2 5 8 9 1 3 7 
3 9 5 7 1 2 8 6 4 
9 7 6 1 4 8 3 5 2 
5 4 1 2 7 3 6 9 8 
8 2 3 9 5 6 4 7 1 
6 1 9 8 2 7 5 4 3 
7 3 8 4 9 5 2 1 6 
2 5 4 3 6 1 7 8 9 
Duration [seconds]: 0.0282207
Nodes expanded: 3802
Seed value: 697
1 8 7 6 3 4 9 2 5 
4 6 2 5 8 9 1 3 7 
3 9 5 7 1 2 8 6 4 
9 7 6 1 4 8 3 5 2 
5 4 1 2 7 3 6 9 8 
8 2 3 9 5 6 4 7 1 
6 1 9 8 2 7 5 4 3 
7 3 8 4 9 5 2 1 6 
2 5 4 3 6 1 7 8 9 
Duration [seconds]: 0.027433
Nodes expanded: 3689
Seed value: 714
1 8 7 6 3 4 9 2 5 
4 6 2 5 8 9 1 3 7 
3 9 5 7 1 2 8 6 4 
9 7 6 1 4 8 3 5 2 
5 4 1 2 7 3 6 9 8 
8 2 3 9 5 6 4 7 1 
6 1 9 8 2 7 5 4 3 
7 3 8 4 9 5 2 1 6 
2 5 4 3 6 1 7 8 9 
Duration [seconds]: 0.0319165
Nodes expanded: 3655
Seed value: 731
1 8 7 6 3 4 9 2 5 
4 6 2 5 8 9 1 3 7 
3 9 5 7 1 2 8 6 4 
9 7 6 1 4 8 3 5 2 
5 4 1 2 7 3 6 9 8 
8 2 3 9 5 6 4 7 1 
6 1 9 8 2 7 5 4 3 
7 3 8 4 9 5 2 1 6 
2 5 4 3 6 1 7 8 9 
Duration [seconds]: 0.0243032
Nodes expanded: 3203
Seed value: 748
1 8 7 6 3 4 9 2 5 
4 6 2 5 8 9 1 3 7 
3 9 5 7 1 2 8 6 4 
9 7 6 1 4 8 3 5 2 
5 4 1 2 7 3 6 9 8 
8 2 3 9 5 6 4 7 1 
6 1 9 8 2 7 5 4 3 
7 3 8 4 9 5 2 1 6 
2 5 4 3 6 1 7 8 9 
Duration [seconds]: 0.0250964
Nodes expanded: 3381
Seed value: 765
1 8 7 6 3 4 9 2 5 
4 6 2 5 8 9 1 3 7 
3 9 5 7 1 2 8 6 4 
9 7 6 1 4 8 3 5 2 
5 4 1 2 7 3 6 9 8 
8 2 3 9 5 6 4 7 1 
6 1 9 8 2 7 5 4 3 
7 3 8 4 9 5 2 1 6 
2 5 4 3 6 1 7 8 9 
Duration [seconds]: 0.0258596
Nodes expanded: 3347
Seed value: 782
1 8 7 6 3 4 9 2 5 
4 6 2 5 8 9 1 3 7 
3 9 5 7 1 2 8 6 4 
9 7 6 1 4 8 3 5 2 
5 4 1 2 7 3 6 9 8 
8 2 3 9 5 6 4 7 1 
6 1 9 8 2 7 5 4 3 
7 3 8 4 9 5 2 1 6 
2 5 4 3 6 1 7 8 9 
Duration [seconds]: 0.0281693
Nodes expanded: 3802
Seed value: 799
1 8 7 6 3 4 9 2 5 
4 6 2 5 8 9 1 3 7 
3 9 5 7 1 2 8 6 4 
9 7 6 1 4 8 3 5 2 
5 4 1 2 7 3 6 9 8 
8 2 3 9 5 6 4 7 1 
6 1 9 8 2 7 5 4 3 
7 3 8 4 9 5 2 1 6 
2 5 4 3 6 1 7 8 9 
Duration [seconds]: 0.0240499
Nodes expanded: 3203
Seed value: 816
1 8 7 6 3 4 9 2 5 
4 6 2 5 8 9 1 3 7 
3 9 5 7 1 2 8 6 4 
9 7 6 1 4 8 3 5 2 
5 4 1 2 7 3 6 9 8 
8 2 3 9 5 6 4 7 1 
6 1 9 8 2 7 5 4 3 
7 3 8 4 9 5 2 1 6 
2 5 4 3 6 1 7 8 9 
Duration [seconds]: 0.0260574
Nodes expanded: 3381
Seed value: 833
1 8 7 6 3 4 9 2 5 
4 6 2 5 8 9 1 3 7 
3 9 5 7 1 2 8 6 4 
9 7 6 1 4 8 3 5 2 
5 4 1 2 7 3 6 9 8 
8 2 3 9 5 6 4 7 1 
6 1 9 8 2 7 5 4 3 
7 3 8 4 9 5 2 1 6 
2 5 4 3 6 1 7 8 9 
Duration [seconds]: 0.024578
Nodes expanded: 3347
Seed value: 850
1 8 7 6 3 4 9 2 5 
4 6 2 5 8 9 1 3 7 
3 9 5 7 1 2 8 6 4 
9 7 6 1 4 8 3 5 2 
5 4 1 2 7 3 6 9 8 
8 2 3 9 5 6 4 7 1 
6 1 9 8 2 7 5 4 3 
7 3 8 4 9 5 2 1 6 
2 5 4 3 6 1 7 8 9 
Duration [seconds]: 0.0269484
Nodes expanded: 3494

Runtimes (s): 0.0280276,0.0289884,0.0287408,0.0262499,0.0245116,0.0281468,0.0240291,0.0290857,0.0241344,0.0247938,0.0258013,0.0308044,0.0290039,0.0247221,0.0259222,0.0256056,0.031542,0.0249034,0.028076,0.0286013,0.0277464,0.02347,0.0290459,0.0276394,0.0288555,0.0240029,0.0276837,0.0275863,0.0285666,0.0249911,0.0235911,0.0261656,0.0265928,0.0281478,0.0290756,0.0257171,0.0273215,0.027522,0.0249271,0.0282207,0.027433,0.0319165,0.0243032,0.0250964,0.0258596,0.0281693,0.0240499,0.0260574,0.024578,0.0269484,
Runtimes average (s): 0.026859422
Runtimes standard deviation (s): 0.0020735743913629

Nodes expanded: 3234,3802,3689,3655,3234,3802,3347,3802,3203,3381,3347,3802,3845,3222,3347,3494,3845,3222,3802,3689,3655,3234,3802,3689,3802,3203,3381,3347,3802,3203,3222,3347,3494,3845,3222,3347,3689,3655,3234,3802,3689,3655,3203,3381,3347,3802,3203,3381,3347,3494,
Nodes expanded average: 3504.82
Nodes expanded standard deviation: 237.48209953594
