Seed value: 17
8 3 9 6 5 4 1 2 7 
4 6 7 8 2 1 9 5 3 
5 2 1 7 3 9 6 8 4 
6 1 5 3 8 2 7 4 9 
9 7 2 4 6 5 8 3 1 
3 4 8 1 9 7 5 6 2 
7 8 4 2 1 6 3 9 5 
1 5 6 9 4 3 2 7 8 
2 9 3 5 7 8 4 1 6 
Duration [seconds]: 0.00119373
Nodes expanded: 127
Seed value: 34
8 3 9 6 5 4 1 2 7 
4 6 7 8 2 1 9 5 3 
5 2 1 7 3 9 6 8 4 
6 1 5 3 8 2 7 4 9 
9 7 2 4 6 5 8 3 1 
3 4 8 1 9 7 5 6 2 
7 8 4 2 1 6 3 9 5 
1 5 6 9 4 3 2 7 8 
2 9 3 5 7 8 4 1 6 
Duration [seconds]: 0.00122382
Nodes expanded: 127
Seed value: 51
8 3 9 6 5 4 1 2 7 
4 6 7 8 2 1 9 5 3 
5 2 1 7 3 9 6 8 4 
6 1 5 3 8 2 7 4 9 
9 7 2 4 6 5 8 3 1 
3 4 8 1 9 7 5 6 2 
7 8 4 2 1 6 3 9 5 
1 5 6 9 4 3 2 7 8 
2 9 3 5 7 8 4 1 6 
Duration [seconds]: 0.00130249
Nodes expanded: 127
Seed value: 68
8 3 9 6 5 4 1 2 7 
4 6 7 8 2 1 9 5 3 
5 2 1 7 3 9 6 8 4 
6 1 5 3 8 2 7 4 9 
9 7 2 4 6 5 8 3 1 
3 4 8 1 9 7 5 6 2 
7 8 4 2 1 6 3 9 5 
1 5 6 9 4 3 2 7 8 
2 9 3 5 7 8 4 1 6 
Duration [seconds]: 0.00111249
Nodes expanded: 127
Seed value: 85
8 3 9 6 5 4 1 2 7 
4 6 7 8 2 1 9 5 3 
5 2 1 7 3 9 6 8 4 
6 1 5 3 8 2 7 4 9 
9 7 2 4 6 5 8 3 1 
3 4 8 1 9 7 5 6 2 
7 8 4 2 1 6 3 9 5 
1 5 6 9 4 3 2 7 8 
2 9 3 5 7 8 4 1 6 
Duration [seconds]: 0.00111348
Nodes expanded: 127
Seed value: 102
8 3 9 6 5 4 1 2 7 
4 6 7 8 2 1 9 5 3 
5 2 1 7 3 9 6 8 4 
6 1 5 3 8 2 7 4 9 
9 7 2 4 6 5 8 3 1 
3 4 8 1 9 7 5 6 2 
7 8 4 2 1 6 3 9 5 
1 5 6 9 4 3 2 7 8 
2 9 3 5 7 8 4 1 6 
Duration [seconds]: 0.00136601
Nodes expanded: 127
Seed value: 119
8 3 9 6 5 4 1 2 7 
4 6 7 8 2 1 9 5 3 
5 2 1 7 3 9 6 8 4 
6 1 5 3 8 2 7 4 9 
9 7 2 4 6 5 8 3 1 
3 4 8 1 9 7 5 6 2 
7 8 4 2 1 6 3 9 5 
1 5 6 9 4 3 2 7 8 
2 9 3 5 7 8 4 1 6 
Duration [seconds]: 0.00113175
Nodes expanded: 127
Seed value: 136
8 3 9 6 5 4 1 2 7 
4 6 7 8 2 1 9 5 3 
5 2 1 7 3 9 6 8 4 
6 1 5 3 8 2 7 4 9 
9 7 2 4 6 5 8 3 1 
3 4 8 1 9 7 5 6 2 
7 8 4 2 1 6 3 9 5 
1 5 6 9 4 3 2 7 8 
2 9 3 5 7 8 4 1 6 
Duration [seconds]: 0.00117735
Nodes expanded: 127
Seed value: 153
8 3 9 6 5 4 1 2 7 
4 6 7 8 2 1 9 5 3 
5 2 1 7 3 9 6 8 4 
6 1 5 3 8 2 7 4 9 
9 7 2 4 6 5 8 3 1 
3 4 8 1 9 7 5 6 2 
7 8 4 2 1 6 3 9 5 
1 5 6 9 4 3 2 7 8 
2 9 3 5 7 8 4 1 6 
Duration [seconds]: 0.00129168
Nodes expanded: 127
Seed value: 170
8 3 9 6 5 4 1 2 7 
4 6 7 8 2 1 9 5 3 
5 2 1 7 3 9 6 8 4 
6 1 5 3 8 2 7 4 9 
9 7 2 4 6 5 8 3 1 
3 4 8 1 9 7 5 6 2 
7 8 4 2 1 6 3 9 5 
1 5 6 9 4 3 2 7 8 
2 9 3 5 7 8 4 1 6 
Duration [seconds]: 0.00135105
Nodes expanded: 127
Seed value: 187
8 3 9 6 5 4 1 2 7 
4 6 7 8 2 1 9 5 3 
5 2 1 7 3 9 6 8 4 
6 1 5 3 8 2 7 4 9 
9 7 2 4 6 5 8 3 1 
3 4 8 1 9 7 5 6 2 
7 8 4 2 1 6 3 9 5 
1 5 6 9 4 3 2 7 8 
2 9 3 5 7 8 4 1 6 
Duration [seconds]: 0.00129328
Nodes expanded: 127
Seed value: 204
8 3 9 6 5 4 1 2 7 
4 6 7 8 2 1 9 5 3 
5 2 1 7 3 9 6 8 4 
6 1 5 3 8 2 7 4 9 
9 7 2 4 6 5 8 3 1 
3 4 8 1 9 7 5 6 2 
7 8 4 2 1 6 3 9 5 
1 5 6 9 4 3 2 7 8 
2 9 3 5 7 8 4 1 6 
Duration [seconds]: 0.00109767
Nodes expanded: 127
Seed value: 221
8 3 9 6 5 4 1 2 7 
4 6 7 8 2 1 9 5 3 
5 2 1 7 3 9 6 8 4 
6 1 5 3 8 2 7 4 9 
9 7 2 4 6 5 8 3 1 
3 4 8 1 9 7 5 6 2 
7 8 4 2 1 6 3 9 5 
1 5 6 9 4 3 2 7 8 
2 9 3 5 7 8 4 1 6 
Duration [seconds]: 0.0010591
Nodes expanded: 127
Seed value: 238
8 3 9 6 5 4 1 2 7 
4 6 7 8 2 1 9 5 3 
5 2 1 7 3 9 6 8 4 
6 1 5 3 8 2 7 4 9 
9 7 2 4 6 5 8 3 1 
3 4 8 1 9 7 5 6 2 
7 8 4 2 1 6 3 9 5 
1 5 6 9 4 3 2 7 8 
2 9 3 5 7 8 4 1 6 
Duration [seconds]: 0.00106191
Nodes expanded: 127
Seed value: 255
8 3 9 6 5 4 1 2 7 
4 6 7 8 2 1 9 5 3 
5 2 1 7 3 9 6 8 4 
6 1 5 3 8 2 7 4 9 
9 7 2 4 6 5 8 3 1 
3 4 8 1 9 7 5 6 2 
7 8 4 2 1 6 3 9 5 
1 5 6 9 4 3 2 7 8 
2 9 3 5 7 8 4 1 6 
Duration [seconds]: 0.00105907
Nodes expanded: 127
Seed value: 272
8 3 9 6 5 4 1 2 7 
4 6 7 8 2 1 9 5 3 
5 2 1 7 3 9 6 8 4 
6 1 5 3 8 2 7 4 9 
9 7 2 4 6 5 8 3 1 
3 4 8 1 9 7 5 6 2 
7 8 4 2 1 6 3 9 5 
1 5 6 9 4 3 2 7 8 
2 9 3 5 7 8 4 1 6 
Duration [seconds]: 0.0010818
Nodes expanded: 127
Seed value: 289
8 3 9 6 5 4 1 2 7 
4 6 7 8 2 1 9 5 3 
5 2 1 7 3 9 6 8 4 
6 1 5 3 8 2 7 4 9 
9 7 2 4 6 5 8 3 1 
3 4 8 1 9 7 5 6 2 
7 8 4 2 1 6 3 9 5 
1 5 6 9 4 3 2 7 8 
2 9 3 5 7 8 4 1 6 
Duration [seconds]: 0.00108528
Nodes expanded: 127
Seed value: 306
8 3 9 6 5 4 1 2 7 
4 6 7 8 2 1 9 5 3 
5 2 1 7 3 9 6 8 4 
6 1 5 3 8 2 7 4 9 
9 7 2 4 6 5 8 3 1 
3 4 8 1 9 7 5 6 2 
7 8 4 2 1 6 3 9 5 
1 5 6 9 4 3 2 7 8 
2 9 3 5 7 8 4 1 6 
Duration [seconds]: 0.00105283
Nodes expanded: 127
Seed value: 323
8 3 9 6 5 4 1 2 7 
4 6 7 8 2 1 9 5 3 
5 2 1 7 3 9 6 8 4 
6 1 5 3 8 2 7 4 9 
9 7 2 4 6 5 8 3 1 
3 4 8 1 9 7 5 6 2 
7 8 4 2 1 6 3 9 5 
1 5 6 9 4 3 2 7 8 
2 9 3 5 7 8 4 1 6 
Duration [seconds]: 0.00105311
Nodes expanded: 127
Seed value: 340
8 3 9 6 5 4 1 2 7 
4 6 7 8 2 1 9 5 3 
5 2 1 7 3 9 6 8 4 
6 1 5 3 8 2 7 4 9 
9 7 2 4 6 5 8 3 1 
3 4 8 1 9 7 5 6 2 
7 8 4 2 1 6 3 9 5 
1 5 6 9 4 3 2 7 8 
2 9 3 5 7 8 4 1 6 
Duration [seconds]: 0.00111205
Nodes expanded: 127
Seed value: 357
8 3 9 6 5 4 1 2 7 
4 6 7 8 2 1 9 5 3 
5 2 1 7 3 9 6 8 4 
6 1 5 3 8 2 7 4 9 
9 7 2 4 6 5 8 3 1 
3 4 8 1 9 7 5 6 2 
7 8 4 2 1 6 3 9 5 
1 5 6 9 4 3 2 7 8 
2 9 3 5 7 8 4 1 6 
Duration [seconds]: 0.00105496
Nodes expanded: 127
Seed value: 374
8 3 9 6 5 4 1 2 7 
4 6 7 8 2 1 9 5 3 
5 2 1 7 3 9 6 8 4 
6 1 5 3 8 2 7 4 9 
9 7 2 4 6 5 8 3 1 
3 4 8 1 9 7 5 6 2 
7 8 4 2 1 6 3 9 5 
1 5 6 9 4 3 2 7 8 
2 9 3 5 7 8 4 1 6 
Duration [seconds]: 0.00108689
Nodes expanded: 127
Seed value: 391
8 3 9 6 5 4 1 2 7 
4 6 7 8 2 1 9 5 3 
5 2 1 7 3 9 6 8 4 
6 1 5 3 8 2 7 4 9 
9 7 2 4 6 5 8 3 1 
3 4 8 1 9 7 5 6 2 
7 8 4 2 1 6 3 9 5 
1 5 6 9 4 3 2 7 8 
2 9 3 5 7 8 4 1 6 
Duration [seconds]: 0.00130283
Nodes expanded: 127
Seed value: 408
8 3 9 6 5 4 1 2 7 
4 6 7 8 2 1 9 5 3 
5 2 1 7 3 9 6 8 4 
6 1 5 3 8 2 7 4 9 
9 7 2 4 6 5 8 3 1 
3 4 8 1 9 7 5 6 2 
7 8 4 2 1 6 3 9 5 
1 5 6 9 4 3 2 7 8 
2 9 3 5 7 8 4 1 6 
Duration [seconds]: 0.00105635
Nodes expanded: 127
Seed value: 425
8 3 9 6 5 4 1 2 7 
4 6 7 8 2 1 9 5 3 
5 2 1 7 3 9 6 8 4 
6 1 5 3 8 2 7 4 9 
9 7 2 4 6 5 8 3 1 
3 4 8 1 9 7 5 6 2 
7 8 4 2 1 6 3 9 5 
1 5 6 9 4 3 2 7 8 
2 9 3 5 7 8 4 1 6 
Duration [seconds]: 0.00101118
Nodes expanded: 127
Seed value: 442
8 3 9 6 5 4 1 2 7 
4 6 7 8 2 1 9 5 3 
5 2 1 7 3 9 6 8 4 
6 1 5 3 8 2 7 4 9 
9 7 2 4 6 5 8 3 1 
3 4 8 1 9 7 5 6 2 
7 8 4 2 1 6 3 9 5 
1 5 6 9 4 3 2 7 8 
2 9 3 5 7 8 4 1 6 
Duration [seconds]: 0.00107494
Nodes expanded: 127
Seed value: 459
8 3 9 6 5 4 1 2 7 
4 6 7 8 2 1 9 5 3 
5 2 1 7 3 9 6 8 4 
6 1 5 3 8 2 7 4 9 
9 7 2 4 6 5 8 3 1 
3 4 8 1 9 7 5 6 2 
7 8 4 2 1 6 3 9 5 
1 5 6 9 4 3 2 7 8 
2 9 3 5 7 8 4 1 6 
Duration [seconds]: 0.000984758
Nodes expanded: 127
Seed value: 476
8 3 9 6 5 4 1 2 7 
4 6 7 8 2 1 9 5 3 
5 2 1 7 3 9 6 8 4 
6 1 5 3 8 2 7 4 9 
9 7 2 4 6 5 8 3 1 
3 4 8 1 9 7 5 6 2 
7 8 4 2 1 6 3 9 5 
1 5 6 9 4 3 2 7 8 
2 9 3 5 7 8 4 1 6 
Duration [seconds]: 0.00098332
Nodes expanded: 127
Seed value: 493
8 3 9 6 5 4 1 2 7 
4 6 7 8 2 1 9 5 3 
5 2 1 7 3 9 6 8 4 
6 1 5 3 8 2 7 4 9 
9 7 2 4 6 5 8 3 1 
3 4 8 1 9 7 5 6 2 
7 8 4 2 1 6 3 9 5 
1 5 6 9 4 3 2 7 8 
2 9 3 5 7 8 4 1 6 
Duration [seconds]: 0.00103028
Nodes expanded: 127
Seed value: 510
8 3 9 6 5 4 1 2 7 
4 6 7 8 2 1 9 5 3 
5 2 1 7 3 9 6 8 4 
6 1 5 3 8 2 7 4 9 
9 7 2 4 6 5 8 3 1 
3 4 8 1 9 7 5 6 2 
7 8 4 2 1 6 3 9 5 
1 5 6 9 4 3 2 7 8 
2 9 3 5 7 8 4 1 6 
Duration [seconds]: 0.000986188
Nodes expanded: 127
Seed value: 527
8 3 9 6 5 4 1 2 7 
4 6 7 8 2 1 9 5 3 
5 2 1 7 3 9 6 8 4 
6 1 5 3 8 2 7 4 9 
9 7 2 4 6 5 8 3 1 
3 4 8 1 9 7 5 6 2 
7 8 4 2 1 6 3 9 5 
1 5 6 9 4 3 2 7 8 
2 9 3 5 7 8 4 1 6 
Duration [seconds]: 0.0009839
Nodes expanded: 127
Seed value: 544
8 3 9 6 5 4 1 2 7 
4 6 7 8 2 1 9 5 3 
5 2 1 7 3 9 6 8 4 
6 1 5 3 8 2 7 4 9 
9 7 2 4 6 5 8 3 1 
3 4 8 1 9 7 5 6 2 
7 8 4 2 1 6 3 9 5 
1 5 6 9 4 3 2 7 8 
2 9 3 5 7 8 4 1 6 
Duration [seconds]: 0.00104074
Nodes expanded: 127
Seed value: 561
8 3 9 6 5 4 1 2 7 
4 6 7 8 2 1 9 5 3 
5 2 1 7 3 9 6 8 4 
6 1 5 3 8 2 7 4 9 
9 7 2 4 6 5 8 3 1 
3 4 8 1 9 7 5 6 2 
7 8 4 2 1 6 3 9 5 
1 5 6 9 4 3 2 7 8 
2 9 3 5 7 8 4 1 6 
Duration [seconds]: 0.000952246
Nodes expanded: 127
Seed value: 578
8 3 9 6 5 4 1 2 7 
4 6 7 8 2 1 9 5 3 
5 2 1 7 3 9 6 8 4 
6 1 5 3 8 2 7 4 9 
9 7 2 4 6 5 8 3 1 
3 4 8 1 9 7 5 6 2 
7 8 4 2 1 6 3 9 5 
1 5 6 9 4 3 2 7 8 
2 9 3 5 7 8 4 1 6 
Duration [seconds]: 0.000950289
Nodes expanded: 127
Seed value: 595
8 3 9 6 5 4 1 2 7 
4 6 7 8 2 1 9 5 3 
5 2 1 7 3 9 6 8 4 
6 1 5 3 8 2 7 4 9 
9 7 2 4 6 5 8 3 1 
3 4 8 1 9 7 5 6 2 
7 8 4 2 1 6 3 9 5 
1 5 6 9 4 3 2 7 8 
2 9 3 5 7 8 4 1 6 
Duration [seconds]: 0.000999097
Nodes expanded: 127
Seed value: 612
8 3 9 6 5 4 1 2 7 
4 6 7 8 2 1 9 5 3 
5 2 1 7 3 9 6 8 4 
6 1 5 3 8 2 7 4 9 
9 7 2 4 6 5 8 3 1 
3 4 8 1 9 7 5 6 2 
7 8 4 2 1 6 3 9 5 
1 5 6 9 4 3 2 7 8 
2 9 3 5 7 8 4 1 6 
Duration [seconds]: 0.000950529
Nodes expanded: 127
Seed value: 629
8 3 9 6 5 4 1 2 7 
4 6 7 8 2 1 9 5 3 
5 2 1 7 3 9 6 8 4 
6 1 5 3 8 2 7 4 9 
9 7 2 4 6 5 8 3 1 
3 4 8 1 9 7 5 6 2 
7 8 4 2 1 6 3 9 5 
1 5 6 9 4 3 2 7 8 
2 9 3 5 7 8 4 1 6 
Duration [seconds]: 0.000951646
Nodes expanded: 127
Seed value: 646
8 3 9 6 5 4 1 2 7 
4 6 7 8 2 1 9 5 3 
5 2 1 7 3 9 6 8 4 
6 1 5 3 8 2 7 4 9 
9 7 2 4 6 5 8 3 1 
3 4 8 1 9 7 5 6 2 
7 8 4 2 1 6 3 9 5 
1 5 6 9 4 3 2 7 8 
2 9 3 5 7 8 4 1 6 
Duration [seconds]: 0.000975694
Nodes expanded: 127
Seed value: 663
8 3 9 6 5 4 1 2 7 
4 6 7 8 2 1 9 5 3 
5 2 1 7 3 9 6 8 4 
6 1 5 3 8 2 7 4 9 
9 7 2 4 6 5 8 3 1 
3 4 8 1 9 7 5 6 2 
7 8 4 2 1 6 3 9 5 
1 5 6 9 4 3 2 7 8 
2 9 3 5 7 8 4 1 6 
Duration [seconds]: 0.00100643
Nodes expanded: 127
Seed value: 680
8 3 9 6 5 4 1 2 7 
4 6 7 8 2 1 9 5 3 
5 2 1 7 3 9 6 8 4 
6 1 5 3 8 2 7 4 9 
9 7 2 4 6 5 8 3 1 
3 4 8 1 9 7 5 6 2 
7 8 4 2 1 6 3 9 5 
1 5 6 9 4 3 2 7 8 
2 9 3 5 7 8 4 1 6 
Duration [seconds]: 0.000951155
Nodes expanded: 127
Seed value: 697
8 3 9 6 5 4 1 2 7 
4 6 7 8 2 1 9 5 3 
5 2 1 7 3 9 6 8 4 
6 1 5 3 8 2 7 4 9 
9 7 2 4 6 5 8 3 1 
3 4 8 1 9 7 5 6 2 
7 8 4 2 1 6 3 9 5 
1 5 6 9 4 3 2 7 8 
2 9 3 5 7 8 4 1 6 
Duration [seconds]: 0.000954491
Nodes expanded: 127
Seed value: 714
8 3 9 6 5 4 1 2 7 
4 6 7 8 2 1 9 5 3 
5 2 1 7 3 9 6 8 4 
6 1 5 3 8 2 7 4 9 
9 7 2 4 6 5 8 3 1 
3 4 8 1 9 7 5 6 2 
7 8 4 2 1 6 3 9 5 
1 5 6 9 4 3 2 7 8 
2 9 3 5 7 8 4 1 6 
Duration [seconds]: 0.000996803
Nodes expanded: 127
Seed value: 731
8 3 9 6 5 4 1 2 7 
4 6 7 8 2 1 9 5 3 
5 2 1 7 3 9 6 8 4 
6 1 5 3 8 2 7 4 9 
9 7 2 4 6 5 8 3 1 
3 4 8 1 9 7 5 6 2 
7 8 4 2 1 6 3 9 5 
1 5 6 9 4 3 2 7 8 
2 9 3 5 7 8 4 1 6 
Duration [seconds]: 0.000949079
Nodes expanded: 127
Seed value: 748
8 3 9 6 5 4 1 2 7 
4 6 7 8 2 1 9 5 3 
5 2 1 7 3 9 6 8 4 
6 1 5 3 8 2 7 4 9 
9 7 2 4 6 5 8 3 1 
3 4 8 1 9 7 5 6 2 
7 8 4 2 1 6 3 9 5 
1 5 6 9 4 3 2 7 8 
2 9 3 5 7 8 4 1 6 
Duration [seconds]: 0.00095138
Nodes expanded: 127
Seed value: 765
8 3 9 6 5 4 1 2 7 
4 6 7 8 2 1 9 5 3 
5 2 1 7 3 9 6 8 4 
6 1 5 3 8 2 7 4 9 
9 7 2 4 6 5 8 3 1 
3 4 8 1 9 7 5 6 2 
7 8 4 2 1 6 3 9 5 
1 5 6 9 4 3 2 7 8 
2 9 3 5 7 8 4 1 6 
Duration [seconds]: 0.00100519
Nodes expanded: 127
Seed value: 782
8 3 9 6 5 4 1 2 7 
4 6 7 8 2 1 9 5 3 
5 2 1 7 3 9 6 8 4 
6 1 5 3 8 2 7 4 9 
9 7 2 4 6 5 8 3 1 
3 4 8 1 9 7 5 6 2 
7 8 4 2 1 6 3 9 5 
1 5 6 9 4 3 2 7 8 
2 9 3 5 7 8 4 1 6 
Duration [seconds]: 0.000957188
Nodes expanded: 127
Seed value: 799
8 3 9 6 5 4 1 2 7 
4 6 7 8 2 1 9 5 3 
5 2 1 7 3 9 6 8 4 
6 1 5 3 8 2 7 4 9 
9 7 2 4 6 5 8 3 1 
3 4 8 1 9 7 5 6 2 
7 8 4 2 1 6 3 9 5 
1 5 6 9 4 3 2 7 8 
2 9 3 5 7 8 4 1 6 
Duration [seconds]: 0.00117077
Nodes expanded: 127
Seed value: 816
8 3 9 6 5 4 1 2 7 
4 6 7 8 2 1 9 5 3 
5 2 1 7 3 9 6 8 4 
6 1 5 3 8 2 7 4 9 
9 7 2 4 6 5 8 3 1 
3 4 8 1 9 7 5 6 2 
7 8 4 2 1 6 3 9 5 
1 5 6 9 4 3 2 7 8 
2 9 3 5 7 8 4 1 6 
Duration [seconds]: 0.00133354
Nodes expanded: 127
Seed value: 833
8 3 9 6 5 4 1 2 7 
4 6 7 8 2 1 9 5 3 
5 2 1 7 3 9 6 8 4 
6 1 5 3 8 2 7 4 9 
9 7 2 4 6 5 8 3 1 
3 4 8 1 9 7 5 6 2 
7 8 4 2 1 6 3 9 5 
1 5 6 9 4 3 2 7 8 
2 9 3 5 7 8 4 1 6 
Duration [seconds]: 0.00115803
Nodes expanded: 127
Seed value: 850
8 3 9 6 5 4 1 2 7 
4 6 7 8 2 1 9 5 3 
5 2 1 7 3 9 6 8 4 
6 1 5 3 8 2 7 4 9 
9 7 2 4 6 5 8 3 1 
3 4 8 1 9 7 5 6 2 
7 8 4 2 1 6 3 9 5 
1 5 6 9 4 3 2 7 8 
2 9 3 5 7 8 4 1 6 
Duration [seconds]: 0.00103648
Nodes expanded: 127

Runtimes (s): 0.00119373,0.00122382,0.00130249,0.00111249,0.00111348,0.00136601,0.00113175,0.00117735,0.00129168,0.00135105,0.00129328,0.00109767,0.0010591,0.00106191,0.00105907,0.0010818,0.00108528,0.00105283,0.00105311,0.00111205,0.00105496,0.00108689,0.00130283,0.00105635,0.00101118,0.00107494,0.000984758,0.00098332,0.00103028,0.000986188,0.0009839,0.00104074,0.000952246,0.000950289,0.000999097,0.000950529,0.000951646,0.000975694,0.00100643,0.000951155,0.000954491,0.000996803,0.000949079,0.00095138,0.00100519,0.000957188,0.00117077,0.00133354,0.00115803,0.00103648,
Runtimes average (s): 0.00108132646
Runtimes standard deviation (s): 0.00011886499801375

Nodes expanded: 127,127,127,127,127,127,127,127,127,127,127,127,127,127,127,127,127,127,127,127,127,127,127,127,127,127,127,127,127,127,127,127,127,127,127,127,127,127,127,127,127,127,127,127,127,127,127,127,127,127,
Nodes expanded average: 127
Nodes expanded standard deviation: 0
