Seed value: 1
Nodes expanded: 102323
3 5 8 4 6 2 1 7 9 
9 1 2 7 5 3 4 6 8 
4 6 7 9 8 1 2 5 3 
2 8 6 3 4 9 5 1 7 
7 9 1 8 2 5 6 3 4 
5 3 4 1 7 6 8 9 2 
1 2 9 6 3 8 7 4 5 
8 7 3 5 1 4 9 2 6 
6 4 5 2 9 7 3 8 1 
Duration [seconds]: 0.0738193
Seed value: 2
Nodes expanded: 219619
3 5 8 4 6 2 1 7 9 
9 1 2 7 5 3 4 6 8 
4 6 7 9 8 1 2 5 3 
2 8 6 3 4 9 5 1 7 
7 9 1 8 2 5 6 3 4 
5 3 4 1 7 6 8 9 2 
1 2 9 6 3 8 7 4 5 
8 7 3 5 1 4 9 2 6 
6 4 5 2 9 7 3 8 1 
Duration [seconds]: 0.150901
Seed value: 3
Nodes expanded: 19901
3 5 8 4 6 2 1 7 9 
9 1 2 7 5 3 4 6 8 
4 6 7 9 8 1 2 5 3 
2 8 6 3 4 9 5 1 7 
7 9 1 8 2 5 6 3 4 
5 3 4 1 7 6 8 9 2 
1 2 9 6 3 8 7 4 5 
8 7 3 5 1 4 9 2 6 
6 4 5 2 9 7 3 8 1 
Duration [seconds]: 0.0120067
Seed value: 4
Nodes expanded: 320716
3 5 8 4 6 2 1 7 9 
9 1 2 7 5 3 4 6 8 
4 6 7 9 8 1 2 5 3 
2 8 6 3 4 9 5 1 7 
7 9 1 8 2 5 6 3 4 
5 3 4 1 7 6 8 9 2 
1 2 9 6 3 8 7 4 5 
8 7 3 5 1 4 9 2 6 
6 4 5 2 9 7 3 8 1 
Duration [seconds]: 0.204402
Seed value: 5
Nodes expanded: 320940
3 5 8 4 6 2 1 7 9 
9 1 2 7 5 3 4 6 8 
4 6 7 9 8 1 2 5 3 
2 8 6 3 4 9 5 1 7 
7 9 1 8 2 5 6 3 4 
5 3 4 1 7 6 8 9 2 
1 2 9 6 3 8 7 4 5 
8 7 3 5 1 4 9 2 6 
6 4 5 2 9 7 3 8 1 
Duration [seconds]: 0.205922
Seed value: 6
Nodes expanded: 114073
3 5 8 4 6 2 1 7 9 
9 1 2 7 5 3 4 6 8 
4 6 7 9 8 1 2 5 3 
2 8 6 3 4 9 5 1 7 
7 9 1 8 2 5 6 3 4 
5 3 4 1 7 6 8 9 2 
1 2 9 6 3 8 7 4 5 
8 7 3 5 1 4 9 2 6 
6 4 5 2 9 7 3 8 1 
Duration [seconds]: 0.0820254
Seed value: 7
Nodes expanded: 310
3 5 8 4 6 2 1 7 9 
9 1 2 7 5 3 4 6 8 
4 6 7 9 8 1 2 5 3 
2 8 6 3 4 9 5 1 7 
7 9 1 8 2 5 6 3 4 
5 3 4 1 7 6 8 9 2 
1 2 9 6 3 8 7 4 5 
8 7 3 5 1 4 9 2 6 
6 4 5 2 9 7 3 8 1 
Duration [seconds]: 0.00022407
Seed value: 8
Nodes expanded: 56514
3 5 8 4 6 2 1 7 9 
9 1 2 7 5 3 4 6 8 
4 6 7 9 8 1 2 5 3 
2 8 6 3 4 9 5 1 7 
7 9 1 8 2 5 6 3 4 
5 3 4 1 7 6 8 9 2 
1 2 9 6 3 8 7 4 5 
8 7 3 5 1 4 9 2 6 
6 4 5 2 9 7 3 8 1 
Duration [seconds]: 0.0340951
Seed value: 9
Nodes expanded: 83004
3 5 8 4 6 2 1 7 9 
9 1 2 7 5 3 4 6 8 
4 6 7 9 8 1 2 5 3 
2 8 6 3 4 9 5 1 7 
7 9 1 8 2 5 6 3 4 
5 3 4 1 7 6 8 9 2 
1 2 9 6 3 8 7 4 5 
8 7 3 5 1 4 9 2 6 
6 4 5 2 9 7 3 8 1 
Duration [seconds]: 0.0502624
Seed value: 10
Nodes expanded: 36951
3 5 8 4 6 2 1 7 9 
9 1 2 7 5 3 4 6 8 
4 6 7 9 8 1 2 5 3 
2 8 6 3 4 9 5 1 7 
7 9 1 8 2 5 6 3 4 
5 3 4 1 7 6 8 9 2 
1 2 9 6 3 8 7 4 5 
8 7 3 5 1 4 9 2 6 
6 4 5 2 9 7 3 8 1 
Duration [seconds]: 0.0239943
Seed value: 11
Nodes expanded: 3178
3 5 8 4 6 2 1 7 9 
9 1 2 7 5 3 4 6 8 
4 6 7 9 8 1 2 5 3 
2 8 6 3 4 9 5 1 7 
7 9 1 8 2 5 6 3 4 
5 3 4 1 7 6 8 9 2 
1 2 9 6 3 8 7 4 5 
8 7 3 5 1 4 9 2 6 
6 4 5 2 9 7 3 8 1 
Duration [seconds]: 0.00197358
Seed value: 12
Nodes expanded: 54522
3 5 8 4 6 2 1 7 9 
9 1 2 7 5 3 4 6 8 
4 6 7 9 8 1 2 5 3 
2 8 6 3 4 9 5 1 7 
7 9 1 8 2 5 6 3 4 
5 3 4 1 7 6 8 9 2 
1 2 9 6 3 8 7 4 5 
8 7 3 5 1 4 9 2 6 
6 4 5 2 9 7 3 8 1 
Duration [seconds]: 0.0385756
Seed value: 13
Nodes expanded: 1874
3 5 8 4 6 2 1 7 9 
9 1 2 7 5 3 4 6 8 
4 6 7 9 8 1 2 5 3 
2 8 6 3 4 9 5 1 7 
7 9 1 8 2 5 6 3 4 
5 3 4 1 7 6 8 9 2 
1 2 9 6 3 8 7 4 5 
8 7 3 5 1 4 9 2 6 
6 4 5 2 9 7 3 8 1 
Duration [seconds]: 0.0013246
Seed value: 14
Nodes expanded: 95367
3 5 8 4 6 2 1 7 9 
9 1 2 7 5 3 4 6 8 
4 6 7 9 8 1 2 5 3 
2 8 6 3 4 9 5 1 7 
7 9 1 8 2 5 6 3 4 
5 3 4 1 7 6 8 9 2 
1 2 9 6 3 8 7 4 5 
8 7 3 5 1 4 9 2 6 
6 4 5 2 9 7 3 8 1 
Duration [seconds]: 0.0642687
Seed value: 15
Nodes expanded: 10716
3 5 8 4 6 2 1 7 9 
9 1 2 7 5 3 4 6 8 
4 6 7 9 8 1 2 5 3 
2 8 6 3 4 9 5 1 7 
7 9 1 8 2 5 6 3 4 
5 3 4 1 7 6 8 9 2 
1 2 9 6 3 8 7 4 5 
8 7 3 5 1 4 9 2 6 
6 4 5 2 9 7 3 8 1 
Duration [seconds]: 0.00782266
Seed value: 16
Nodes expanded: 102581
3 5 8 4 6 2 1 7 9 
9 1 2 7 5 3 4 6 8 
4 6 7 9 8 1 2 5 3 
2 8 6 3 4 9 5 1 7 
7 9 1 8 2 5 6 3 4 
5 3 4 1 7 6 8 9 2 
1 2 9 6 3 8 7 4 5 
8 7 3 5 1 4 9 2 6 
6 4 5 2 9 7 3 8 1 
Duration [seconds]: 0.0684717
Seed value: 17
Nodes expanded: 1518757
3 5 8 4 6 2 1 7 9 
9 1 2 7 5 3 4 6 8 
4 6 7 9 8 1 2 5 3 
2 8 6 3 4 9 5 1 7 
7 9 1 8 2 5 6 3 4 
5 3 4 1 7 6 8 9 2 
1 2 9 6 3 8 7 4 5 
8 7 3 5 1 4 9 2 6 
6 4 5 2 9 7 3 8 1 
Duration [seconds]: 1.12768
Seed value: 18
Nodes expanded: 235372
3 5 8 4 6 2 1 7 9 
9 1 2 7 5 3 4 6 8 
4 6 7 9 8 1 2 5 3 
2 8 6 3 4 9 5 1 7 
7 9 1 8 2 5 6 3 4 
5 3 4 1 7 6 8 9 2 
1 2 9 6 3 8 7 4 5 
8 7 3 5 1 4 9 2 6 
6 4 5 2 9 7 3 8 1 
Duration [seconds]: 0.17536
Seed value: 19
Nodes expanded: 20405
3 5 8 4 6 2 1 7 9 
9 1 2 7 5 3 4 6 8 
4 6 7 9 8 1 2 5 3 
2 8 6 3 4 9 5 1 7 
7 9 1 8 2 5 6 3 4 
5 3 4 1 7 6 8 9 2 
1 2 9 6 3 8 7 4 5 
8 7 3 5 1 4 9 2 6 
6 4 5 2 9 7 3 8 1 
Duration [seconds]: 0.0134038
Seed value: 20
Nodes expanded: 10922
3 5 8 4 6 2 1 7 9 
9 1 2 7 5 3 4 6 8 
4 6 7 9 8 1 2 5 3 
2 8 6 3 4 9 5 1 7 
7 9 1 8 2 5 6 3 4 
5 3 4 1 7 6 8 9 2 
1 2 9 6 3 8 7 4 5 
8 7 3 5 1 4 9 2 6 
6 4 5 2 9 7 3 8 1 
Duration [seconds]: 0.0070244
Seed value: 21
Nodes expanded: 1869821
3 5 8 4 6 2 1 7 9 
9 1 2 7 5 3 4 6 8 
4 6 7 9 8 1 2 5 3 
2 8 6 3 4 9 5 1 7 
7 9 1 8 2 5 6 3 4 
5 3 4 1 7 6 8 9 2 
1 2 9 6 3 8 7 4 5 
8 7 3 5 1 4 9 2 6 
6 4 5 2 9 7 3 8 1 
Duration [seconds]: 1.32397
Seed value: 22
Nodes expanded: 80027
3 5 8 4 6 2 1 7 9 
9 1 2 7 5 3 4 6 8 
4 6 7 9 8 1 2 5 3 
2 8 6 3 4 9 5 1 7 
7 9 1 8 2 5 6 3 4 
5 3 4 1 7 6 8 9 2 
1 2 9 6 3 8 7 4 5 
8 7 3 5 1 4 9 2 6 
6 4 5 2 9 7 3 8 1 
Duration [seconds]: 0.0510979
Seed value: 23
Nodes expanded: 77112
3 5 8 4 6 2 1 7 9 
9 1 2 7 5 3 4 6 8 
4 6 7 9 8 1 2 5 3 
2 8 6 3 4 9 5 1 7 
7 9 1 8 2 5 6 3 4 
5 3 4 1 7 6 8 9 2 
1 2 9 6 3 8 7 4 5 
8 7 3 5 1 4 9 2 6 
6 4 5 2 9 7 3 8 1 
Duration [seconds]: 0.0500524
Seed value: 24
Nodes expanded: 36140
3 5 8 4 6 2 1 7 9 
9 1 2 7 5 3 4 6 8 
4 6 7 9 8 1 2 5 3 
2 8 6 3 4 9 5 1 7 
7 9 1 8 2 5 6 3 4 
5 3 4 1 7 6 8 9 2 
1 2 9 6 3 8 7 4 5 
8 7 3 5 1 4 9 2 6 
6 4 5 2 9 7 3 8 1 
Duration [seconds]: 0.0242643
Seed value: 25
Nodes expanded: 21855
3 5 8 4 6 2 1 7 9 
9 1 2 7 5 3 4 6 8 
4 6 7 9 8 1 2 5 3 
2 8 6 3 4 9 5 1 7 
7 9 1 8 2 5 6 3 4 
5 3 4 1 7 6 8 9 2 
1 2 9 6 3 8 7 4 5 
8 7 3 5 1 4 9 2 6 
6 4 5 2 9 7 3 8 1 
Duration [seconds]: 0.0143173
Seed value: 26
Nodes expanded: 24416
3 5 8 4 6 2 1 7 9 
9 1 2 7 5 3 4 6 8 
4 6 7 9 8 1 2 5 3 
2 8 6 3 4 9 5 1 7 
7 9 1 8 2 5 6 3 4 
5 3 4 1 7 6 8 9 2 
1 2 9 6 3 8 7 4 5 
8 7 3 5 1 4 9 2 6 
6 4 5 2 9 7 3 8 1 
Duration [seconds]: 0.0173883
Seed value: 27
Nodes expanded: 165076
3 5 8 4 6 2 1 7 9 
9 1 2 7 5 3 4 6 8 
4 6 7 9 8 1 2 5 3 
2 8 6 3 4 9 5 1 7 
7 9 1 8 2 5 6 3 4 
5 3 4 1 7 6 8 9 2 
1 2 9 6 3 8 7 4 5 
8 7 3 5 1 4 9 2 6 
6 4 5 2 9 7 3 8 1 
Duration [seconds]: 0.114469
Seed value: 28
Nodes expanded: 15752
3 5 8 4 6 2 1 7 9 
9 1 2 7 5 3 4 6 8 
4 6 7 9 8 1 2 5 3 
2 8 6 3 4 9 5 1 7 
7 9 1 8 2 5 6 3 4 
5 3 4 1 7 6 8 9 2 
1 2 9 6 3 8 7 4 5 
8 7 3 5 1 4 9 2 6 
6 4 5 2 9 7 3 8 1 
Duration [seconds]: 0.010778
Seed value: 29
Nodes expanded: 49077
3 5 8 4 6 2 1 7 9 
9 1 2 7 5 3 4 6 8 
4 6 7 9 8 1 2 5 3 
2 8 6 3 4 9 5 1 7 
7 9 1 8 2 5 6 3 4 
5 3 4 1 7 6 8 9 2 
1 2 9 6 3 8 7 4 5 
8 7 3 5 1 4 9 2 6 
6 4 5 2 9 7 3 8 1 
Duration [seconds]: 0.0363668
Seed value: 30
Nodes expanded: 17219
3 5 8 4 6 2 1 7 9 
9 1 2 7 5 3 4 6 8 
4 6 7 9 8 1 2 5 3 
2 8 6 3 4 9 5 1 7 
7 9 1 8 2 5 6 3 4 
5 3 4 1 7 6 8 9 2 
1 2 9 6 3 8 7 4 5 
8 7 3 5 1 4 9 2 6 
6 4 5 2 9 7 3 8 1 
Duration [seconds]: 0.0133158
Seed value: 31
Nodes expanded: 66931
3 5 8 4 6 2 1 7 9 
9 1 2 7 5 3 4 6 8 
4 6 7 9 8 1 2 5 3 
2 8 6 3 4 9 5 1 7 
7 9 1 8 2 5 6 3 4 
5 3 4 1 7 6 8 9 2 
1 2 9 6 3 8 7 4 5 
8 7 3 5 1 4 9 2 6 
6 4 5 2 9 7 3 8 1 
Duration [seconds]: 0.046664
Seed value: 32
Nodes expanded: 27673
3 5 8 4 6 2 1 7 9 
9 1 2 7 5 3 4 6 8 
4 6 7 9 8 1 2 5 3 
2 8 6 3 4 9 5 1 7 
7 9 1 8 2 5 6 3 4 
5 3 4 1 7 6 8 9 2 
1 2 9 6 3 8 7 4 5 
8 7 3 5 1 4 9 2 6 
6 4 5 2 9 7 3 8 1 
Duration [seconds]: 0.0178688
Seed value: 33
Nodes expanded: 52243
3 5 8 4 6 2 1 7 9 
9 1 2 7 5 3 4 6 8 
4 6 7 9 8 1 2 5 3 
2 8 6 3 4 9 5 1 7 
7 9 1 8 2 5 6 3 4 
5 3 4 1 7 6 8 9 2 
1 2 9 6 3 8 7 4 5 
8 7 3 5 1 4 9 2 6 
6 4 5 2 9 7 3 8 1 
Duration [seconds]: 0.033065
Seed value: 34
Nodes expanded: 156152
3 5 8 4 6 2 1 7 9 
9 1 2 7 5 3 4 6 8 
4 6 7 9 8 1 2 5 3 
2 8 6 3 4 9 5 1 7 
7 9 1 8 2 5 6 3 4 
5 3 4 1 7 6 8 9 2 
1 2 9 6 3 8 7 4 5 
8 7 3 5 1 4 9 2 6 
6 4 5 2 9 7 3 8 1 
Duration [seconds]: 0.105031
Seed value: 35
Nodes expanded: 145632
3 5 8 4 6 2 1 7 9 
9 1 2 7 5 3 4 6 8 
4 6 7 9 8 1 2 5 3 
2 8 6 3 4 9 5 1 7 
7 9 1 8 2 5 6 3 4 
5 3 4 1 7 6 8 9 2 
1 2 9 6 3 8 7 4 5 
8 7 3 5 1 4 9 2 6 
6 4 5 2 9 7 3 8 1 
Duration [seconds]: 0.0899634
Seed value: 36
Nodes expanded: 141211
3 5 8 4 6 2 1 7 9 
9 1 2 7 5 3 4 6 8 
4 6 7 9 8 1 2 5 3 
2 8 6 3 4 9 5 1 7 
7 9 1 8 2 5 6 3 4 
5 3 4 1 7 6 8 9 2 
1 2 9 6 3 8 7 4 5 
8 7 3 5 1 4 9 2 6 
6 4 5 2 9 7 3 8 1 
Duration [seconds]: 0.0984063
Seed value: 37
Nodes expanded: 14294
3 5 8 4 6 2 1 7 9 
9 1 2 7 5 3 4 6 8 
4 6 7 9 8 1 2 5 3 
2 8 6 3 4 9 5 1 7 
7 9 1 8 2 5 6 3 4 
5 3 4 1 7 6 8 9 2 
1 2 9 6 3 8 7 4 5 
8 7 3 5 1 4 9 2 6 
6 4 5 2 9 7 3 8 1 
Duration [seconds]: 0.00869564
Seed value: 38
Nodes expanded: 33407
3 5 8 4 6 2 1 7 9 
9 1 2 7 5 3 4 6 8 
4 6 7 9 8 1 2 5 3 
2 8 6 3 4 9 5 1 7 
7 9 1 8 2 5 6 3 4 
5 3 4 1 7 6 8 9 2 
1 2 9 6 3 8 7 4 5 
8 7 3 5 1 4 9 2 6 
6 4 5 2 9 7 3 8 1 
Duration [seconds]: 0.0211702
Seed value: 39
Nodes expanded: 21711
3 5 8 4 6 2 1 7 9 
9 1 2 7 5 3 4 6 8 
4 6 7 9 8 1 2 5 3 
2 8 6 3 4 9 5 1 7 
7 9 1 8 2 5 6 3 4 
5 3 4 1 7 6 8 9 2 
1 2 9 6 3 8 7 4 5 
8 7 3 5 1 4 9 2 6 
6 4 5 2 9 7 3 8 1 
Duration [seconds]: 0.0150235
Seed value: 40
Nodes expanded: 172091
3 5 8 4 6 2 1 7 9 
9 1 2 7 5 3 4 6 8 
4 6 7 9 8 1 2 5 3 
2 8 6 3 4 9 5 1 7 
7 9 1 8 2 5 6 3 4 
5 3 4 1 7 6 8 9 2 
1 2 9 6 3 8 7 4 5 
8 7 3 5 1 4 9 2 6 
6 4 5 2 9 7 3 8 1 
Duration [seconds]: 0.109761
Seed value: 41
Nodes expanded: 11932
3 5 8 4 6 2 1 7 9 
9 1 2 7 5 3 4 6 8 
4 6 7 9 8 1 2 5 3 
2 8 6 3 4 9 5 1 7 
7 9 1 8 2 5 6 3 4 
5 3 4 1 7 6 8 9 2 
1 2 9 6 3 8 7 4 5 
8 7 3 5 1 4 9 2 6 
6 4 5 2 9 7 3 8 1 
Duration [seconds]: 0.0081697
Seed value: 42
Nodes expanded: 856244
3 5 8 4 6 2 1 7 9 
9 1 2 7 5 3 4 6 8 
4 6 7 9 8 1 2 5 3 
2 8 6 3 4 9 5 1 7 
7 9 1 8 2 5 6 3 4 
5 3 4 1 7 6 8 9 2 
1 2 9 6 3 8 7 4 5 
8 7 3 5 1 4 9 2 6 
6 4 5 2 9 7 3 8 1 
Duration [seconds]: 0.583801
Seed value: 43
Nodes expanded: 196152
3 5 8 4 6 2 1 7 9 
9 1 2 7 5 3 4 6 8 
4 6 7 9 8 1 2 5 3 
2 8 6 3 4 9 5 1 7 
7 9 1 8 2 5 6 3 4 
5 3 4 1 7 6 8 9 2 
1 2 9 6 3 8 7 4 5 
8 7 3 5 1 4 9 2 6 
6 4 5 2 9 7 3 8 1 
Duration [seconds]: 0.132553
Seed value: 44
Nodes expanded: 113914
3 5 8 4 6 2 1 7 9 
9 1 2 7 5 3 4 6 8 
4 6 7 9 8 1 2 5 3 
2 8 6 3 4 9 5 1 7 
7 9 1 8 2 5 6 3 4 
5 3 4 1 7 6 8 9 2 
1 2 9 6 3 8 7 4 5 
8 7 3 5 1 4 9 2 6 
6 4 5 2 9 7 3 8 1 
Duration [seconds]: 0.0744572
Seed value: 45
Nodes expanded: 55058
3 5 8 4 6 2 1 7 9 
9 1 2 7 5 3 4 6 8 
4 6 7 9 8 1 2 5 3 
2 8 6 3 4 9 5 1 7 
7 9 1 8 2 5 6 3 4 
5 3 4 1 7 6 8 9 2 
1 2 9 6 3 8 7 4 5 
8 7 3 5 1 4 9 2 6 
6 4 5 2 9 7 3 8 1 
Duration [seconds]: 0.0354453
Seed value: 46
Nodes expanded: 107727
3 5 8 4 6 2 1 7 9 
9 1 2 7 5 3 4 6 8 
4 6 7 9 8 1 2 5 3 
2 8 6 3 4 9 5 1 7 
7 9 1 8 2 5 6 3 4 
5 3 4 1 7 6 8 9 2 
1 2 9 6 3 8 7 4 5 
8 7 3 5 1 4 9 2 6 
6 4 5 2 9 7 3 8 1 
Duration [seconds]: 0.0702665
Seed value: 47
Nodes expanded: 48502
3 5 8 4 6 2 1 7 9 
9 1 2 7 5 3 4 6 8 
4 6 7 9 8 1 2 5 3 
2 8 6 3 4 9 5 1 7 
7 9 1 8 2 5 6 3 4 
5 3 4 1 7 6 8 9 2 
1 2 9 6 3 8 7 4 5 
8 7 3 5 1 4 9 2 6 
6 4 5 2 9 7 3 8 1 
Duration [seconds]: 0.0297636
Seed value: 48
Nodes expanded: 277877
3 5 8 4 6 2 1 7 9 
9 1 2 7 5 3 4 6 8 
4 6 7 9 8 1 2 5 3 
2 8 6 3 4 9 5 1 7 
7 9 1 8 2 5 6 3 4 
5 3 4 1 7 6 8 9 2 
1 2 9 6 3 8 7 4 5 
8 7 3 5 1 4 9 2 6 
6 4 5 2 9 7 3 8 1 
Duration [seconds]: 0.187271
Seed value: 49
Nodes expanded: 863910
3 5 8 4 6 2 1 7 9 
9 1 2 7 5 3 4 6 8 
4 6 7 9 8 1 2 5 3 
2 8 6 3 4 9 5 1 7 
7 9 1 8 2 5 6 3 4 
5 3 4 1 7 6 8 9 2 
1 2 9 6 3 8 7 4 5 
8 7 3 5 1 4 9 2 6 
6 4 5 2 9 7 3 8 1 
Duration [seconds]: 0.617983
Seed value: 50
Nodes expanded: 40587
3 5 8 4 6 2 1 7 9 
9 1 2 7 5 3 4 6 8 
4 6 7 9 8 1 2 5 3 
2 8 6 3 4 9 5 1 7 
7 9 1 8 2 5 6 3 4 
5 3 4 1 7 6 8 9 2 
1 2 9 6 3 8 7 4 5 
8 7 3 5 1 4 9 2 6 
6 4 5 2 9 7 3 8 1 
Duration [seconds]: 0.0294932

Runtimes (s): 0.0738193,0.150901,0.0120067,0.204402,0.205922,0.0820254,0.00022407,0.0340951,0.0502624,0.0239943,0.00197358,0.0385756,0.0013246,0.0642687,0.00782266,0.0684717,1.12768,0.17536,0.0134038,0.0070244,1.32397,0.0510979,0.0500524,0.0242643,0.0143173,0.0173883,0.114469,0.010778,0.0363668,0.0133158,0.046664,0.0178688,0.033065,0.105031,0.0899634,0.0984063,0.00869564,0.0211702,0.0150235,0.109761,0.0081697,0.583801,0.132553,0.0744572,0.0354453,0.0702665,0.0297636,0.187271,0.617983,0.0294932
Runtimes average (s): 0.126288589 
Runtimes standard deviation (s): 0.25483595974788

Nodes expanded: 102323,219619,19901,320716,320940,114073,310,56514,83004,36951,3178,54522,1874,95367,10716,102581,1518757,235372,20405,10922,1869821,80027,77112,36140,21855,24416,165076,15752,49077,17219,66931,27673,52243,156152,145632,141211,14294,33407,21711,172091,11932,856244,196152,113914,55058,107727,48502,277877,863910,40587,
Nodes expanded average: 181755.76
Nodes expanded standard deviation: 354850.96205639
