Seed value: 1
1 8 7 6 3 4 9 2 5 
4 6 2 5 8 9 1 3 7 
3 9 5 7 1 2 8 6 4 
9 7 6 1 4 8 3 5 2 
5 4 1 2 7 3 6 9 8 
8 2 3 9 5 6 4 7 1 
6 1 9 8 2 7 5 4 3 
7 3 8 4 9 5 2 1 6 
2 5 4 3 6 1 7 8 9 
Duration [seconds]: 217.236
Nodes expanded: 324930884
Seed value: 2
1 8 7 6 3 4 9 2 5 
4 6 2 5 8 9 1 3 7 
3 9 5 7 1 2 8 6 4 
9 7 6 1 4 8 3 5 2 
5 4 1 2 7 3 6 9 8 
8 2 3 9 5 6 4 7 1 
6 1 9 8 2 7 5 4 3 
7 3 8 4 9 5 2 1 6 
2 5 4 3 6 1 7 8 9 
Duration [seconds]: 86.4267
Nodes expanded: 138648174
Seed value: 3
1 8 7 6 3 4 9 2 5 
4 6 2 5 8 9 1 3 7 
3 9 5 7 1 2 8 6 4 
9 7 6 1 4 8 3 5 2 
5 4 1 2 7 3 6 9 8 
8 2 3 9 5 6 4 7 1 
6 1 9 8 2 7 5 4 3 
7 3 8 4 9 5 2 1 6 
2 5 4 3 6 1 7 8 9 
Duration [seconds]: 17.5973
Nodes expanded: 22856695
Seed value: 4
1 8 7 6 3 4 9 2 5 
4 6 2 5 8 9 1 3 7 
3 9 5 7 1 2 8 6 4 
9 7 6 1 4 8 3 5 2 
5 4 1 2 7 3 6 9 8 
8 2 3 9 5 6 4 7 1 
6 1 9 8 2 7 5 4 3 
7 3 8 4 9 5 2 1 6 
2 5 4 3 6 1 7 8 9 
Duration [seconds]: 26.4309
Nodes expanded: 28948635
Seed value: 5
1 8 7 6 3 4 9 2 5 
4 6 2 5 8 9 1 3 7 
3 9 5 7 1 2 8 6 4 
9 7 6 1 4 8 3 5 2 
5 4 1 2 7 3 6 9 8 
8 2 3 9 5 6 4 7 1 
6 1 9 8 2 7 5 4 3 
7 3 8 4 9 5 2 1 6 
2 5 4 3 6 1 7 8 9 
Duration [seconds]: 26.2659
Nodes expanded: 27060297
Seed value: 6
1 8 7 6 3 4 9 2 5 
4 6 2 5 8 9 1 3 7 
3 9 5 7 1 2 8 6 4 
9 7 6 1 4 8 3 5 2 
5 4 1 2 7 3 6 9 8 
8 2 3 9 5 6 4 7 1 
6 1 9 8 2 7 5 4 3 
7 3 8 4 9 5 2 1 6 
2 5 4 3 6 1 7 8 9 
Duration [seconds]: 93.0712
Nodes expanded: 98197842
Seed value: 7
1 8 7 6 3 4 9 2 5 
4 6 2 5 8 9 1 3 7 
3 9 5 7 1 2 8 6 4 
9 7 6 1 4 8 3 5 2 
5 4 1 2 7 3 6 9 8 
8 2 3 9 5 6 4 7 1 
6 1 9 8 2 7 5 4 3 
7 3 8 4 9 5 2 1 6 
2 5 4 3 6 1 7 8 9 
Duration [seconds]: 16.2082
Nodes expanded: 17038144
Seed value: 8
1 8 7 6 3 4 9 2 5 
4 6 2 5 8 9 1 3 7 
3 9 5 7 1 2 8 6 4 
9 7 6 1 4 8 3 5 2 
5 4 1 2 7 3 6 9 8 
8 2 3 9 5 6 4 7 1 
6 1 9 8 2 7 5 4 3 
7 3 8 4 9 5 2 1 6 
2 5 4 3 6 1 7 8 9 
Duration [seconds]: 25.0858
Nodes expanded: 26822930
Seed value: 9
1 8 7 6 3 4 9 2 5 
4 6 2 5 8 9 1 3 7 
3 9 5 7 1 2 8 6 4 
9 7 6 1 4 8 3 5 2 
5 4 1 2 7 3 6 9 8 
8 2 3 9 5 6 4 7 1 
6 1 9 8 2 7 5 4 3 
7 3 8 4 9 5 2 1 6 
2 5 4 3 6 1 7 8 9 
Duration [seconds]: 27.7801
Nodes expanded: 24772665
Seed value: 10
1 8 7 6 3 4 9 2 5 
4 6 2 5 8 9 1 3 7 
3 9 5 7 1 2 8 6 4 
9 7 6 1 4 8 3 5 2 
5 4 1 2 7 3 6 9 8 
8 2 3 9 5 6 4 7 1 
6 1 9 8 2 7 5 4 3 
7 3 8 4 9 5 2 1 6 
2 5 4 3 6 1 7 8 9 
Duration [seconds]: 2.69282
Nodes expanded: 2666569
Seed value: 11
1 8 7 6 3 4 9 2 5 
4 6 2 5 8 9 1 3 7 
3 9 5 7 1 2 8 6 4 
9 7 6 1 4 8 3 5 2 
5 4 1 2 7 3 6 9 8 
8 2 3 9 5 6 4 7 1 
6 1 9 8 2 7 5 4 3 
7 3 8 4 9 5 2 1 6 
2 5 4 3 6 1 7 8 9 
Duration [seconds]: 1.46558
Nodes expanded: 1433070
Seed value: 12
1 8 7 6 3 4 9 2 5 
4 6 2 5 8 9 1 3 7 
3 9 5 7 1 2 8 6 4 
9 7 6 1 4 8 3 5 2 
5 4 1 2 7 3 6 9 8 
8 2 3 9 5 6 4 7 1 
6 1 9 8 2 7 5 4 3 
7 3 8 4 9 5 2 1 6 
2 5 4 3 6 1 7 8 9 
Duration [seconds]: 12.811
Nodes expanded: 14127865
Seed value: 13
1 8 7 6 3 4 9 2 5 
4 6 2 5 8 9 1 3 7 
3 9 5 7 1 2 8 6 4 
9 7 6 1 4 8 3 5 2 
5 4 1 2 7 3 6 9 8 
8 2 3 9 5 6 4 7 1 
6 1 9 8 2 7 5 4 3 
7 3 8 4 9 5 2 1 6 
2 5 4 3 6 1 7 8 9 
Duration [seconds]: 1.91848
Nodes expanded: 1834882
Seed value: 14
1 8 7 6 3 4 9 2 5 
4 6 2 5 8 9 1 3 7 
3 9 5 7 1 2 8 6 4 
9 7 6 1 4 8 3 5 2 
5 4 1 2 7 3 6 9 8 
8 2 3 9 5 6 4 7 1 
6 1 9 8 2 7 5 4 3 
7 3 8 4 9 5 2 1 6 
2 5 4 3 6 1 7 8 9 
Duration [seconds]: 5.58606
Nodes expanded: 6383886
Seed value: 15
1 8 7 6 3 4 9 2 5 
4 6 2 5 8 9 1 3 7 
3 9 5 7 1 2 8 6 4 
9 7 6 1 4 8 3 5 2 
5 4 1 2 7 3 6 9 8 
8 2 3 9 5 6 4 7 1 
6 1 9 8 2 7 5 4 3 
7 3 8 4 9 5 2 1 6 
2 5 4 3 6 1 7 8 9 
Duration [seconds]: 219.37
Nodes expanded: 223916483
Seed value: 16
1 8 7 6 3 4 9 2 5 
4 6 2 5 8 9 1 3 7 
3 9 5 7 1 2 8 6 4 
9 7 6 1 4 8 3 5 2 
5 4 1 2 7 3 6 9 8 
8 2 3 9 5 6 4 7 1 
6 1 9 8 2 7 5 4 3 
7 3 8 4 9 5 2 1 6 
2 5 4 3 6 1 7 8 9 
Duration [seconds]: 2.2621
Nodes expanded: 1802221
Seed value: 17
1 8 7 6 3 4 9 2 5 
4 6 2 5 8 9 1 3 7 
3 9 5 7 1 2 8 6 4 
9 7 6 1 4 8 3 5 2 
5 4 1 2 7 3 6 9 8 
8 2 3 9 5 6 4 7 1 
6 1 9 8 2 7 5 4 3 
7 3 8 4 9 5 2 1 6 
2 5 4 3 6 1 7 8 9 
Duration [seconds]: 9.70519
Nodes expanded: 9595930
Seed value: 18
1 8 7 6 3 4 9 2 5 
4 6 2 5 8 9 1 3 7 
3 9 5 7 1 2 8 6 4 
9 7 6 1 4 8 3 5 2 
5 4 1 2 7 3 6 9 8 
8 2 3 9 5 6 4 7 1 
6 1 9 8 2 7 5 4 3 
7 3 8 4 9 5 2 1 6 
2 5 4 3 6 1 7 8 9 
Duration [seconds]: 0.81975
Nodes expanded: 765284
Seed value: 19
1 8 7 6 3 4 9 2 5 
4 6 2 5 8 9 1 3 7 
3 9 5 7 1 2 8 6 4 
9 7 6 1 4 8 3 5 2 
5 4 1 2 7 3 6 9 8 
8 2 3 9 5 6 4 7 1 
6 1 9 8 2 7 5 4 3 
7 3 8 4 9 5 2 1 6 
2 5 4 3 6 1 7 8 9 
Duration [seconds]: 2.0573
Nodes expanded: 1862413
Seed value: 20
1 8 7 6 3 4 9 2 5 
4 6 2 5 8 9 1 3 7 
3 9 5 7 1 2 8 6 4 
9 7 6 1 4 8 3 5 2 
5 4 1 2 7 3 6 9 8 
8 2 3 9 5 6 4 7 1 
6 1 9 8 2 7 5 4 3 
7 3 8 4 9 5 2 1 6 
2 5 4 3 6 1 7 8 9 
Duration [seconds]: 56.4512
Nodes expanded: 53229892
Seed value: 21
1 8 7 6 3 4 9 2 5 
4 6 2 5 8 9 1 3 7 
3 9 5 7 1 2 8 6 4 
9 7 6 1 4 8 3 5 2 
5 4 1 2 7 3 6 9 8 
8 2 3 9 5 6 4 7 1 
6 1 9 8 2 7 5 4 3 
7 3 8 4 9 5 2 1 6 
2 5 4 3 6 1 7 8 9 
Duration [seconds]: 10.6087
Nodes expanded: 10770415
Seed value: 22
1 8 7 6 3 4 9 2 5 
4 6 2 5 8 9 1 3 7 
3 9 5 7 1 2 8 6 4 
9 7 6 1 4 8 3 5 2 
5 4 1 2 7 3 6 9 8 
8 2 3 9 5 6 4 7 1 
6 1 9 8 2 7 5 4 3 
7 3 8 4 9 5 2 1 6 
2 5 4 3 6 1 7 8 9 
Duration [seconds]: 2.81112
Nodes expanded: 2563461
Seed value: 23
1 8 7 6 3 4 9 2 5 
4 6 2 5 8 9 1 3 7 
3 9 5 7 1 2 8 6 4 
9 7 6 1 4 8 3 5 2 
5 4 1 2 7 3 6 9 8 
8 2 3 9 5 6 4 7 1 
6 1 9 8 2 7 5 4 3 
7 3 8 4 9 5 2 1 6 
2 5 4 3 6 1 7 8 9 
Duration [seconds]: 59.8309
Nodes expanded: 46289812
Seed value: 24
1 8 7 6 3 4 9 2 5 
4 6 2 5 8 9 1 3 7 
3 9 5 7 1 2 8 6 4 
9 7 6 1 4 8 3 5 2 
5 4 1 2 7 3 6 9 8 
8 2 3 9 5 6 4 7 1 
6 1 9 8 2 7 5 4 3 
7 3 8 4 9 5 2 1 6 
2 5 4 3 6 1 7 8 9 
Duration [seconds]: 182.946
Nodes expanded: 150917424
Seed value: 25
1 8 7 6 3 4 9 2 5 
4 6 2 5 8 9 1 3 7 
3 9 5 7 1 2 8 6 4 
9 7 6 1 4 8 3 5 2 
5 4 1 2 7 3 6 9 8 
8 2 3 9 5 6 4 7 1 
6 1 9 8 2 7 5 4 3 
7 3 8 4 9 5 2 1 6 
2 5 4 3 6 1 7 8 9 
Duration [seconds]: 3.09123
Nodes expanded: 3442584
Seed value: 26
1 8 7 6 3 4 9 2 5 
4 6 2 5 8 9 1 3 7 
3 9 5 7 1 2 8 6 4 
9 7 6 1 4 8 3 5 2 
5 4 1 2 7 3 6 9 8 
8 2 3 9 5 6 4 7 1 
6 1 9 8 2 7 5 4 3 
7 3 8 4 9 5 2 1 6 
2 5 4 3 6 1 7 8 9 
Duration [seconds]: 157.889
Nodes expanded: 176642250
Seed value: 27
1 8 7 6 3 4 9 2 5 
4 6 2 5 8 9 1 3 7 
3 9 5 7 1 2 8 6 4 
9 7 6 1 4 8 3 5 2 
5 4 1 2 7 3 6 9 8 
8 2 3 9 5 6 4 7 1 
6 1 9 8 2 7 5 4 3 
7 3 8 4 9 5 2 1 6 
2 5 4 3 6 1 7 8 9 
Duration [seconds]: 4.93094
Nodes expanded: 5096371
Seed value: 28
1 8 7 6 3 4 9 2 5 
4 6 2 5 8 9 1 3 7 
3 9 5 7 1 2 8 6 4 
9 7 6 1 4 8 3 5 2 
5 4 1 2 7 3 6 9 8 
8 2 3 9 5 6 4 7 1 
6 1 9 8 2 7 5 4 3 
7 3 8 4 9 5 2 1 6 
2 5 4 3 6 1 7 8 9 
Duration [seconds]: 3.30532
Nodes expanded: 3565549
Seed value: 29
1 8 7 6 3 4 9 2 5 
4 6 2 5 8 9 1 3 7 
3 9 5 7 1 2 8 6 4 
9 7 6 1 4 8 3 5 2 
5 4 1 2 7 3 6 9 8 
8 2 3 9 5 6 4 7 1 
6 1 9 8 2 7 5 4 3 
7 3 8 4 9 5 2 1 6 
2 5 4 3 6 1 7 8 9 
Duration [seconds]: 4.91446
Nodes expanded: 5272283
Seed value: 30
1 8 7 6 3 4 9 2 5 
4 6 2 5 8 9 1 3 7 
3 9 5 7 1 2 8 6 4 
9 7 6 1 4 8 3 5 2 
5 4 1 2 7 3 6 9 8 
8 2 3 9 5 6 4 7 1 
6 1 9 8 2 7 5 4 3 
7 3 8 4 9 5 2 1 6 
2 5 4 3 6 1 7 8 9 
Duration [seconds]: 25.659
Nodes expanded: 25877691
Seed value: 31
1 8 7 6 3 4 9 2 5 
4 6 2 5 8 9 1 3 7 
3 9 5 7 1 2 8 6 4 
9 7 6 1 4 8 3 5 2 
5 4 1 2 7 3 6 9 8 
8 2 3 9 5 6 4 7 1 
6 1 9 8 2 7 5 4 3 
7 3 8 4 9 5 2 1 6 
2 5 4 3 6 1 7 8 9 
Duration [seconds]: 7.04834
Nodes expanded: 8140784
Seed value: 32
1 8 7 6 3 4 9 2 5 
4 6 2 5 8 9 1 3 7 
3 9 5 7 1 2 8 6 4 
9 7 6 1 4 8 3 5 2 
5 4 1 2 7 3 6 9 8 
8 2 3 9 5 6 4 7 1 
6 1 9 8 2 7 5 4 3 
7 3 8 4 9 5 2 1 6 
2 5 4 3 6 1 7 8 9 
Duration [seconds]: 74.901
Nodes expanded: 81115648
Seed value: 33
1 8 7 6 3 4 9 2 5 
4 6 2 5 8 9 1 3 7 
3 9 5 7 1 2 8 6 4 
9 7 6 1 4 8 3 5 2 
5 4 1 2 7 3 6 9 8 
8 2 3 9 5 6 4 7 1 
6 1 9 8 2 7 5 4 3 
7 3 8 4 9 5 2 1 6 
2 5 4 3 6 1 7 8 9 
Duration [seconds]: 60.6142
Nodes expanded: 67910213
Seed value: 34
1 8 7 6 3 4 9 2 5 
4 6 2 5 8 9 1 3 7 
3 9 5 7 1 2 8 6 4 
9 7 6 1 4 8 3 5 2 
5 4 1 2 7 3 6 9 8 
8 2 3 9 5 6 4 7 1 
6 1 9 8 2 7 5 4 3 
7 3 8 4 9 5 2 1 6 
2 5 4 3 6 1 7 8 9 
Duration [seconds]: 24.9704
Nodes expanded: 27518623
Seed value: 35
1 8 7 6 3 4 9 2 5 
4 6 2 5 8 9 1 3 7 
3 9 5 7 1 2 8 6 4 
9 7 6 1 4 8 3 5 2 
5 4 1 2 7 3 6 9 8 
8 2 3 9 5 6 4 7 1 
6 1 9 8 2 7 5 4 3 
7 3 8 4 9 5 2 1 6 
2 5 4 3 6 1 7 8 9 
Duration [seconds]: 24.6237
Nodes expanded: 26186309
Seed value: 36
1 8 7 6 3 4 9 2 5 
4 6 2 5 8 9 1 3 7 
3 9 5 7 1 2 8 6 4 
9 7 6 1 4 8 3 5 2 
5 4 1 2 7 3 6 9 8 
8 2 3 9 5 6 4 7 1 
6 1 9 8 2 7 5 4 3 
7 3 8 4 9 5 2 1 6 
2 5 4 3 6 1 7 8 9 
Duration [seconds]: 65.3092
Nodes expanded: 64835094
Seed value: 37
1 8 7 6 3 4 9 2 5 
4 6 2 5 8 9 1 3 7 
3 9 5 7 1 2 8 6 4 
9 7 6 1 4 8 3 5 2 
5 4 1 2 7 3 6 9 8 
8 2 3 9 5 6 4 7 1 
6 1 9 8 2 7 5 4 3 
7 3 8 4 9 5 2 1 6 
2 5 4 3 6 1 7 8 9 
Duration [seconds]: 33.3781
Nodes expanded: 34936720
Seed value: 38
1 8 7 6 3 4 9 2 5 
4 6 2 5 8 9 1 3 7 
3 9 5 7 1 2 8 6 4 
9 7 6 1 4 8 3 5 2 
5 4 1 2 7 3 6 9 8 
8 2 3 9 5 6 4 7 1 
6 1 9 8 2 7 5 4 3 
7 3 8 4 9 5 2 1 6 
2 5 4 3 6 1 7 8 9 
Duration [seconds]: 103.063
Nodes expanded: 110658754
Seed value: 39
1 8 7 6 3 4 9 2 5 
4 6 2 5 8 9 1 3 7 
3 9 5 7 1 2 8 6 4 
9 7 6 1 4 8 3 5 2 
5 4 1 2 7 3 6 9 8 
8 2 3 9 5 6 4 7 1 
6 1 9 8 2 7 5 4 3 
7 3 8 4 9 5 2 1 6 
2 5 4 3 6 1 7 8 9 
Duration [seconds]: 152.74
Nodes expanded: 171170810
Seed value: 40
1 8 7 6 3 4 9 2 5 
4 6 2 5 8 9 1 3 7 
3 9 5 7 1 2 8 6 4 
9 7 6 1 4 8 3 5 2 
5 4 1 2 7 3 6 9 8 
8 2 3 9 5 6 4 7 1 
6 1 9 8 2 7 5 4 3 
7 3 8 4 9 5 2 1 6 
2 5 4 3 6 1 7 8 9 
Duration [seconds]: 81.639
Nodes expanded: 91137106
Seed value: 41
1 8 7 6 3 4 9 2 5 
4 6 2 5 8 9 1 3 7 
3 9 5 7 1 2 8 6 4 
9 7 6 1 4 8 3 5 2 
5 4 1 2 7 3 6 9 8 
8 2 3 9 5 6 4 7 1 
6 1 9 8 2 7 5 4 3 
7 3 8 4 9 5 2 1 6 
2 5 4 3 6 1 7 8 9 
Duration [seconds]: 52.796
Nodes expanded: 44656601
Seed value: 42
1 8 7 6 3 4 9 2 5 
4 6 2 5 8 9 1 3 7 
3 9 5 7 1 2 8 6 4 
9 7 6 1 4 8 3 5 2 
5 4 1 2 7 3 6 9 8 
8 2 3 9 5 6 4 7 1 
6 1 9 8 2 7 5 4 3 
7 3 8 4 9 5 2 1 6 
2 5 4 3 6 1 7 8 9 
Duration [seconds]: 27.1351
Nodes expanded: 24017733
Seed value: 43
1 8 7 6 3 4 9 2 5 
4 6 2 5 8 9 1 3 7 
3 9 5 7 1 2 8 6 4 
9 7 6 1 4 8 3 5 2 
5 4 1 2 7 3 6 9 8 
8 2 3 9 5 6 4 7 1 
6 1 9 8 2 7 5 4 3 
7 3 8 4 9 5 2 1 6 
2 5 4 3 6 1 7 8 9 
Duration [seconds]: 7.01765
Nodes expanded: 5583063
Seed value: 44
1 8 7 6 3 4 9 2 5 
4 6 2 5 8 9 1 3 7 
3 9 5 7 1 2 8 6 4 
9 7 6 1 4 8 3 5 2 
5 4 1 2 7 3 6 9 8 
8 2 3 9 5 6 4 7 1 
6 1 9 8 2 7 5 4 3 
7 3 8 4 9 5 2 1 6 
2 5 4 3 6 1 7 8 9 
Duration [seconds]: 20.6817
Nodes expanded: 11993359
Seed value: 45
1 8 7 6 3 4 9 2 5 
4 6 2 5 8 9 1 3 7 
3 9 5 7 1 2 8 6 4 
9 7 6 1 4 8 3 5 2 
5 4 1 2 7 3 6 9 8 
8 2 3 9 5 6 4 7 1 
6 1 9 8 2 7 5 4 3 
7 3 8 4 9 5 2 1 6 
2 5 4 3 6 1 7 8 9 
Duration [seconds]: 46.6134
Nodes expanded: 32382127
Seed value: 46
1 8 7 6 3 4 9 2 5 
4 6 2 5 8 9 1 3 7 
3 9 5 7 1 2 8 6 4 
9 7 6 1 4 8 3 5 2 
5 4 1 2 7 3 6 9 8 
8 2 3 9 5 6 4 7 1 
6 1 9 8 2 7 5 4 3 
7 3 8 4 9 5 2 1 6 
2 5 4 3 6 1 7 8 9 
Duration [seconds]: 21.217
Nodes expanded: 22404955
Seed value: 47
1 8 7 6 3 4 9 2 5 
4 6 2 5 8 9 1 3 7 
3 9 5 7 1 2 8 6 4 
9 7 6 1 4 8 3 5 2 
5 4 1 2 7 3 6 9 8 
8 2 3 9 5 6 4 7 1 
6 1 9 8 2 7 5 4 3 
7 3 8 4 9 5 2 1 6 
2 5 4 3 6 1 7 8 9 
Duration [seconds]: 6.61187
Nodes expanded: 7000262
Seed value: 48
1 8 7 6 3 4 9 2 5 
4 6 2 5 8 9 1 3 7 
3 9 5 7 1 2 8 6 4 
9 7 6 1 4 8 3 5 2 
5 4 1 2 7 3 6 9 8 
8 2 3 9 5 6 4 7 1 
6 1 9 8 2 7 5 4 3 
7 3 8 4 9 5 2 1 6 
2 5 4 3 6 1 7 8 9 
Duration [seconds]: 23.6608
Nodes expanded: 23030983
Seed value: 49
1 8 7 6 3 4 9 2 5 
4 6 2 5 8 9 1 3 7 
3 9 5 7 1 2 8 6 4 
9 7 6 1 4 8 3 5 2 
5 4 1 2 7 3 6 9 8 
8 2 3 9 5 6 4 7 1 
6 1 9 8 2 7 5 4 3 
7 3 8 4 9 5 2 1 6 
2 5 4 3 6 1 7 8 9 
Duration [seconds]: 8.93327
Nodes expanded: 9774768
Seed value: 50
1 8 7 6 3 4 9 2 5 
4 6 2 5 8 9 1 3 7 
3 9 5 7 1 2 8 6 4 
9 7 6 1 4 8 3 5 2 
5 4 1 2 7 3 6 9 8 
8 2 3 9 5 6 4 7 1 
6 1 9 8 2 7 5 4 3 
7 3 8 4 9 5 2 1 6 
2 5 4 3 6 1 7 8 9 
Duration [seconds]: 22.0114
Nodes expanded: 25278130

Runtimes (s): 217.236,86.4267,17.5973,26.4309,26.2659,93.0712,16.2082,25.0858,27.7801,2.69282,1.46558,12.811,1.91848,5.58606,219.37,2.2621,9.70519,0.81975,2.0573,56.4512,10.6087,2.81112,59.8309,182.946,3.09123,157.889,4.93094,3.30532,4.91446,25.659,7.04834,74.901,60.6142,24.9704,24.6237,65.3092,33.3781,103.063,152.74,81.639,52.796,27.1351,7.01765,20.6817,46.6134,21.217,6.61187,23.6608,8.93327,22.0114,
Runtimes average (s): 43.4438676
Runtimes standard deviation (s): 54.975642799278

Nodes expanded: 324930884,138648174,22856695,28948635,27060297,98197842,17038144,26822930,24772665,2666569,1433070,14127865,1834882,6383886,223916483,1802221,9595930,765284,1862413,53229892,10770415,2563461,46289812,150917424,3442584,176642250,5096371,3565549,5272283,25877691,8140784,81115648,67910213,27518623,26186309,64835094,34936720,110658754,171170810,91137106,44656601,24017733,5583063,11993359,32382127,22404955,7000262,23030983,9774768,25278130,
Nodes expanded average: 46941292.86
Nodes expanded standard deviation: 65098486.057249
