Seed value: 1
8 3 9 6 5 4 1 2 7 
4 6 7 8 2 1 9 5 3 
5 2 1 7 3 9 6 8 4 
6 1 5 3 8 2 7 4 9 
9 7 2 4 6 5 8 3 1 
3 4 8 1 9 7 5 6 2 
7 8 4 2 1 6 3 9 5 
1 5 6 9 4 3 2 7 8 
2 9 3 5 7 8 4 1 6 
Duration [seconds]: 0.169774
Nodes expanded: 260768
Seed value: 2
8 3 9 6 5 4 1 2 7 
4 6 7 8 2 1 9 5 3 
5 2 1 7 3 9 6 8 4 
6 1 5 3 8 2 7 4 9 
9 7 2 4 6 5 8 3 1 
3 4 8 1 9 7 5 6 2 
7 8 4 2 1 6 3 9 5 
1 5 6 9 4 3 2 7 8 
2 9 3 5 7 8 4 1 6 
Duration [seconds]: 0.719057
Nodes expanded: 1108995
Seed value: 3
8 3 9 6 5 4 1 2 7 
4 6 7 8 2 1 9 5 3 
5 2 1 7 3 9 6 8 4 
6 1 5 3 8 2 7 4 9 
9 7 2 4 6 5 8 3 1 
3 4 8 1 9 7 5 6 2 
7 8 4 2 1 6 3 9 5 
1 5 6 9 4 3 2 7 8 
2 9 3 5 7 8 4 1 6 
Duration [seconds]: 0.492904
Nodes expanded: 634610
Seed value: 4
8 3 9 6 5 4 1 2 7 
4 6 7 8 2 1 9 5 3 
5 2 1 7 3 9 6 8 4 
6 1 5 3 8 2 7 4 9 
9 7 2 4 6 5 8 3 1 
3 4 8 1 9 7 5 6 2 
7 8 4 2 1 6 3 9 5 
1 5 6 9 4 3 2 7 8 
2 9 3 5 7 8 4 1 6 
Duration [seconds]: 0.099748
Nodes expanded: 130931
Seed value: 5
8 3 9 6 5 4 1 2 7 
4 6 7 8 2 1 9 5 3 
5 2 1 7 3 9 6 8 4 
6 1 5 3 8 2 7 4 9 
9 7 2 4 6 5 8 3 1 
3 4 8 1 9 7 5 6 2 
7 8 4 2 1 6 3 9 5 
1 5 6 9 4 3 2 7 8 
2 9 3 5 7 8 4 1 6 
Duration [seconds]: 0.977967
Nodes expanded: 1517814
Seed value: 6
8 3 9 6 5 4 1 2 7 
4 6 7 8 2 1 9 5 3 
5 2 1 7 3 9 6 8 4 
6 1 5 3 8 2 7 4 9 
9 7 2 4 6 5 8 3 1 
3 4 8 1 9 7 5 6 2 
7 8 4 2 1 6 3 9 5 
1 5 6 9 4 3 2 7 8 
2 9 3 5 7 8 4 1 6 
Duration [seconds]: 2.67391
Nodes expanded: 3859458
Seed value: 7
8 3 9 6 5 4 1 2 7 
4 6 7 8 2 1 9 5 3 
5 2 1 7 3 9 6 8 4 
6 1 5 3 8 2 7 4 9 
9 7 2 4 6 5 8 3 1 
3 4 8 1 9 7 5 6 2 
7 8 4 2 1 6 3 9 5 
1 5 6 9 4 3 2 7 8 
2 9 3 5 7 8 4 1 6 
Duration [seconds]: 0.199105
Nodes expanded: 272759
Seed value: 8
8 3 9 6 5 4 1 2 7 
4 6 7 8 2 1 9 5 3 
5 2 1 7 3 9 6 8 4 
6 1 5 3 8 2 7 4 9 
9 7 2 4 6 5 8 3 1 
3 4 8 1 9 7 5 6 2 
7 8 4 2 1 6 3 9 5 
1 5 6 9 4 3 2 7 8 
2 9 3 5 7 8 4 1 6 
Duration [seconds]: 0.669324
Nodes expanded: 1015352
Seed value: 9
8 3 9 6 5 4 1 2 7 
4 6 7 8 2 1 9 5 3 
5 2 1 7 3 9 6 8 4 
6 1 5 3 8 2 7 4 9 
9 7 2 4 6 5 8 3 1 
3 4 8 1 9 7 5 6 2 
7 8 4 2 1 6 3 9 5 
1 5 6 9 4 3 2 7 8 
2 9 3 5 7 8 4 1 6 
Duration [seconds]: 0.224811
Nodes expanded: 343527
Seed value: 10
8 3 9 6 5 4 1 2 7 
4 6 7 8 2 1 9 5 3 
5 2 1 7 3 9 6 8 4 
6 1 5 3 8 2 7 4 9 
9 7 2 4 6 5 8 3 1 
3 4 8 1 9 7 5 6 2 
7 8 4 2 1 6 3 9 5 
1 5 6 9 4 3 2 7 8 
2 9 3 5 7 8 4 1 6 
Duration [seconds]: 0.318923
Nodes expanded: 456608
Seed value: 11
8 3 9 6 5 4 1 2 7 
4 6 7 8 2 1 9 5 3 
5 2 1 7 3 9 6 8 4 
6 1 5 3 8 2 7 4 9 
9 7 2 4 6 5 8 3 1 
3 4 8 1 9 7 5 6 2 
7 8 4 2 1 6 3 9 5 
1 5 6 9 4 3 2 7 8 
2 9 3 5 7 8 4 1 6 
Duration [seconds]: 0.0371437
Nodes expanded: 48792
Seed value: 12
8 3 9 6 5 4 1 2 7 
4 6 7 8 2 1 9 5 3 
5 2 1 7 3 9 6 8 4 
6 1 5 3 8 2 7 4 9 
9 7 2 4 6 5 8 3 1 
3 4 8 1 9 7 5 6 2 
7 8 4 2 1 6 3 9 5 
1 5 6 9 4 3 2 7 8 
2 9 3 5 7 8 4 1 6 
Duration [seconds]: 0.530112
Nodes expanded: 747428
Seed value: 13
8 3 9 6 5 4 1 2 7 
4 6 7 8 2 1 9 5 3 
5 2 1 7 3 9 6 8 4 
6 1 5 3 8 2 7 4 9 
9 7 2 4 6 5 8 3 1 
3 4 8 1 9 7 5 6 2 
7 8 4 2 1 6 3 9 5 
1 5 6 9 4 3 2 7 8 
2 9 3 5 7 8 4 1 6 
Duration [seconds]: 0.22448
Nodes expanded: 302686
Seed value: 14
8 3 9 6 5 4 1 2 7 
4 6 7 8 2 1 9 5 3 
5 2 1 7 3 9 6 8 4 
6 1 5 3 8 2 7 4 9 
9 7 2 4 6 5 8 3 1 
3 4 8 1 9 7 5 6 2 
7 8 4 2 1 6 3 9 5 
1 5 6 9 4 3 2 7 8 
2 9 3 5 7 8 4 1 6 
Duration [seconds]: 0.101379
Nodes expanded: 145127
Seed value: 15
8 3 9 6 5 4 1 2 7 
4 6 7 8 2 1 9 5 3 
5 2 1 7 3 9 6 8 4 
6 1 5 3 8 2 7 4 9 
9 7 2 4 6 5 8 3 1 
3 4 8 1 9 7 5 6 2 
7 8 4 2 1 6 3 9 5 
1 5 6 9 4 3 2 7 8 
2 9 3 5 7 8 4 1 6 
Duration [seconds]: 0.162628
Nodes expanded: 244136
Seed value: 16
8 3 9 6 5 4 1 2 7 
4 6 7 8 2 1 9 5 3 
5 2 1 7 3 9 6 8 4 
6 1 5 3 8 2 7 4 9 
9 7 2 4 6 5 8 3 1 
3 4 8 1 9 7 5 6 2 
7 8 4 2 1 6 3 9 5 
1 5 6 9 4 3 2 7 8 
2 9 3 5 7 8 4 1 6 
Duration [seconds]: 0.0488286
Nodes expanded: 63972
Seed value: 17
8 3 9 6 5 4 1 2 7 
4 6 7 8 2 1 9 5 3 
5 2 1 7 3 9 6 8 4 
6 1 5 3 8 2 7 4 9 
9 7 2 4 6 5 8 3 1 
3 4 8 1 9 7 5 6 2 
7 8 4 2 1 6 3 9 5 
1 5 6 9 4 3 2 7 8 
2 9 3 5 7 8 4 1 6 
Duration [seconds]: 3.88732
Nodes expanded: 5504222
Seed value: 18
8 3 9 6 5 4 1 2 7 
4 6 7 8 2 1 9 5 3 
5 2 1 7 3 9 6 8 4 
6 1 5 3 8 2 7 4 9 
9 7 2 4 6 5 8 3 1 
3 4 8 1 9 7 5 6 2 
7 8 4 2 1 6 3 9 5 
1 5 6 9 4 3 2 7 8 
2 9 3 5 7 8 4 1 6 
Duration [seconds]: 0.185155
Nodes expanded: 262062
Seed value: 19
8 3 9 6 5 4 1 2 7 
4 6 7 8 2 1 9 5 3 
5 2 1 7 3 9 6 8 4 
6 1 5 3 8 2 7 4 9 
9 7 2 4 6 5 8 3 1 
3 4 8 1 9 7 5 6 2 
7 8 4 2 1 6 3 9 5 
1 5 6 9 4 3 2 7 8 
2 9 3 5 7 8 4 1 6 
Duration [seconds]: 0.554033
Nodes expanded: 802428
Seed value: 20
8 3 9 6 5 4 1 2 7 
4 6 7 8 2 1 9 5 3 
5 2 1 7 3 9 6 8 4 
6 1 5 3 8 2 7 4 9 
9 7 2 4 6 5 8 3 1 
3 4 8 1 9 7 5 6 2 
7 8 4 2 1 6 3 9 5 
1 5 6 9 4 3 2 7 8 
2 9 3 5 7 8 4 1 6 
Duration [seconds]: 0.116046
Nodes expanded: 161891
Seed value: 21
8 3 9 6 5 4 1 2 7 
4 6 7 8 2 1 9 5 3 
5 2 1 7 3 9 6 8 4 
6 1 5 3 8 2 7 4 9 
9 7 2 4 6 5 8 3 1 
3 4 8 1 9 7 5 6 2 
7 8 4 2 1 6 3 9 5 
1 5 6 9 4 3 2 7 8 
2 9 3 5 7 8 4 1 6 
Duration [seconds]: 0.807793
Nodes expanded: 1227181
Seed value: 22
8 3 9 6 5 4 1 2 7 
4 6 7 8 2 1 9 5 3 
5 2 1 7 3 9 6 8 4 
6 1 5 3 8 2 7 4 9 
9 7 2 4 6 5 8 3 1 
3 4 8 1 9 7 5 6 2 
7 8 4 2 1 6 3 9 5 
1 5 6 9 4 3 2 7 8 
2 9 3 5 7 8 4 1 6 
Duration [seconds]: 1.5591
Nodes expanded: 2409669
Seed value: 23
8 3 9 6 5 4 1 2 7 
4 6 7 8 2 1 9 5 3 
5 2 1 7 3 9 6 8 4 
6 1 5 3 8 2 7 4 9 
9 7 2 4 6 5 8 3 1 
3 4 8 1 9 7 5 6 2 
7 8 4 2 1 6 3 9 5 
1 5 6 9 4 3 2 7 8 
2 9 3 5 7 8 4 1 6 
Duration [seconds]: 0.125427
Nodes expanded: 175135
Seed value: 24
8 3 9 6 5 4 1 2 7 
4 6 7 8 2 1 9 5 3 
5 2 1 7 3 9 6 8 4 
6 1 5 3 8 2 7 4 9 
9 7 2 4 6 5 8 3 1 
3 4 8 1 9 7 5 6 2 
7 8 4 2 1 6 3 9 5 
1 5 6 9 4 3 2 7 8 
2 9 3 5 7 8 4 1 6 
Duration [seconds]: 0.439441
Nodes expanded: 661676
Seed value: 25
8 3 9 6 5 4 1 2 7 
4 6 7 8 2 1 9 5 3 
5 2 1 7 3 9 6 8 4 
6 1 5 3 8 2 7 4 9 
9 7 2 4 6 5 8 3 1 
3 4 8 1 9 7 5 6 2 
7 8 4 2 1 6 3 9 5 
1 5 6 9 4 3 2 7 8 
2 9 3 5 7 8 4 1 6 
Duration [seconds]: 0.104809
Nodes expanded: 136237
Seed value: 26
8 3 9 6 5 4 1 2 7 
4 6 7 8 2 1 9 5 3 
5 2 1 7 3 9 6 8 4 
6 1 5 3 8 2 7 4 9 
9 7 2 4 6 5 8 3 1 
3 4 8 1 9 7 5 6 2 
7 8 4 2 1 6 3 9 5 
1 5 6 9 4 3 2 7 8 
2 9 3 5 7 8 4 1 6 
Duration [seconds]: 1.2439
Nodes expanded: 1950046
Seed value: 27
8 3 9 6 5 4 1 2 7 
4 6 7 8 2 1 9 5 3 
5 2 1 7 3 9 6 8 4 
6 1 5 3 8 2 7 4 9 
9 7 2 4 6 5 8 3 1 
3 4 8 1 9 7 5 6 2 
7 8 4 2 1 6 3 9 5 
1 5 6 9 4 3 2 7 8 
2 9 3 5 7 8 4 1 6 
Duration [seconds]: 2.03458
Nodes expanded: 2927457
Seed value: 28
8 3 9 6 5 4 1 2 7 
4 6 7 8 2 1 9 5 3 
5 2 1 7 3 9 6 8 4 
6 1 5 3 8 2 7 4 9 
9 7 2 4 6 5 8 3 1 
3 4 8 1 9 7 5 6 2 
7 8 4 2 1 6 3 9 5 
1 5 6 9 4 3 2 7 8 
2 9 3 5 7 8 4 1 6 
Duration [seconds]: 1.91091
Nodes expanded: 2826188
Seed value: 29
8 3 9 6 5 4 1 2 7 
4 6 7 8 2 1 9 5 3 
5 2 1 7 3 9 6 8 4 
6 1 5 3 8 2 7 4 9 
9 7 2 4 6 5 8 3 1 
3 4 8 1 9 7 5 6 2 
7 8 4 2 1 6 3 9 5 
1 5 6 9 4 3 2 7 8 
2 9 3 5 7 8 4 1 6 
Duration [seconds]: 0.0885722
Nodes expanded: 132574
Seed value: 30
8 3 9 6 5 4 1 2 7 
4 6 7 8 2 1 9 5 3 
5 2 1 7 3 9 6 8 4 
6 1 5 3 8 2 7 4 9 
9 7 2 4 6 5 8 3 1 
3 4 8 1 9 7 5 6 2 
7 8 4 2 1 6 3 9 5 
1 5 6 9 4 3 2 7 8 
2 9 3 5 7 8 4 1 6 
Duration [seconds]: 0.126866
Nodes expanded: 168425
Seed value: 31
8 3 9 6 5 4 1 2 7 
4 6 7 8 2 1 9 5 3 
5 2 1 7 3 9 6 8 4 
6 1 5 3 8 2 7 4 9 
9 7 2 4 6 5 8 3 1 
3 4 8 1 9 7 5 6 2 
7 8 4 2 1 6 3 9 5 
1 5 6 9 4 3 2 7 8 
2 9 3 5 7 8 4 1 6 
Duration [seconds]: 0.127262
Nodes expanded: 182159
Seed value: 32
8 3 9 6 5 4 1 2 7 
4 6 7 8 2 1 9 5 3 
5 2 1 7 3 9 6 8 4 
6 1 5 3 8 2 7 4 9 
9 7 2 4 6 5 8 3 1 
3 4 8 1 9 7 5 6 2 
7 8 4 2 1 6 3 9 5 
1 5 6 9 4 3 2 7 8 
2 9 3 5 7 8 4 1 6 
Duration [seconds]: 0.412246
Nodes expanded: 574218
Seed value: 33
8 3 9 6 5 4 1 2 7 
4 6 7 8 2 1 9 5 3 
5 2 1 7 3 9 6 8 4 
6 1 5 3 8 2 7 4 9 
9 7 2 4 6 5 8 3 1 
3 4 8 1 9 7 5 6 2 
7 8 4 2 1 6 3 9 5 
1 5 6 9 4 3 2 7 8 
2 9 3 5 7 8 4 1 6 
Duration [seconds]: 0.0660256
Nodes expanded: 104875
Seed value: 34
8 3 9 6 5 4 1 2 7 
4 6 7 8 2 1 9 5 3 
5 2 1 7 3 9 6 8 4 
6 1 5 3 8 2 7 4 9 
9 7 2 4 6 5 8 3 1 
3 4 8 1 9 7 5 6 2 
7 8 4 2 1 6 3 9 5 
1 5 6 9 4 3 2 7 8 
2 9 3 5 7 8 4 1 6 
Duration [seconds]: 0.0457721
Nodes expanded: 70217
Seed value: 35
8 3 9 6 5 4 1 2 7 
4 6 7 8 2 1 9 5 3 
5 2 1 7 3 9 6 8 4 
6 1 5 3 8 2 7 4 9 
9 7 2 4 6 5 8 3 1 
3 4 8 1 9 7 5 6 2 
7 8 4 2 1 6 3 9 5 
1 5 6 9 4 3 2 7 8 
2 9 3 5 7 8 4 1 6 
Duration [seconds]: 7.75457
Nodes expanded: 11447068
Seed value: 36
8 3 9 6 5 4 1 2 7 
4 6 7 8 2 1 9 5 3 
5 2 1 7 3 9 6 8 4 
6 1 5 3 8 2 7 4 9 
9 7 2 4 6 5 8 3 1 
3 4 8 1 9 7 5 6 2 
7 8 4 2 1 6 3 9 5 
1 5 6 9 4 3 2 7 8 
2 9 3 5 7 8 4 1 6 
Duration [seconds]: 0.0565685
Nodes expanded: 80258
Seed value: 37
8 3 9 6 5 4 1 2 7 
4 6 7 8 2 1 9 5 3 
5 2 1 7 3 9 6 8 4 
6 1 5 3 8 2 7 4 9 
9 7 2 4 6 5 8 3 1 
3 4 8 1 9 7 5 6 2 
7 8 4 2 1 6 3 9 5 
1 5 6 9 4 3 2 7 8 
2 9 3 5 7 8 4 1 6 
Duration [seconds]: 0.023539
Nodes expanded: 32630
Seed value: 38
8 3 9 6 5 4 1 2 7 
4 6 7 8 2 1 9 5 3 
5 2 1 7 3 9 6 8 4 
6 1 5 3 8 2 7 4 9 
9 7 2 4 6 5 8 3 1 
3 4 8 1 9 7 5 6 2 
7 8 4 2 1 6 3 9 5 
1 5 6 9 4 3 2 7 8 
2 9 3 5 7 8 4 1 6 
Duration [seconds]: 0.531522
Nodes expanded: 751693
Seed value: 39
8 3 9 6 5 4 1 2 7 
4 6 7 8 2 1 9 5 3 
5 2 1 7 3 9 6 8 4 
6 1 5 3 8 2 7 4 9 
9 7 2 4 6 5 8 3 1 
3 4 8 1 9 7 5 6 2 
7 8 4 2 1 6 3 9 5 
1 5 6 9 4 3 2 7 8 
2 9 3 5 7 8 4 1 6 
Duration [seconds]: 1.67162
Nodes expanded: 2443218
Seed value: 40
8 3 9 6 5 4 1 2 7 
4 6 7 8 2 1 9 5 3 
5 2 1 7 3 9 6 8 4 
6 1 5 3 8 2 7 4 9 
9 7 2 4 6 5 8 3 1 
3 4 8 1 9 7 5 6 2 
7 8 4 2 1 6 3 9 5 
1 5 6 9 4 3 2 7 8 
2 9 3 5 7 8 4 1 6 
Duration [seconds]: 0.099373
Nodes expanded: 141757
Seed value: 41
8 3 9 6 5 4 1 2 7 
4 6 7 8 2 1 9 5 3 
5 2 1 7 3 9 6 8 4 
6 1 5 3 8 2 7 4 9 
9 7 2 4 6 5 8 3 1 
3 4 8 1 9 7 5 6 2 
7 8 4 2 1 6 3 9 5 
1 5 6 9 4 3 2 7 8 
2 9 3 5 7 8 4 1 6 
Duration [seconds]: 0.0123288
Nodes expanded: 19306
Seed value: 42
8 3 9 6 5 4 1 2 7 
4 6 7 8 2 1 9 5 3 
5 2 1 7 3 9 6 8 4 
6 1 5 3 8 2 7 4 9 
9 7 2 4 6 5 8 3 1 
3 4 8 1 9 7 5 6 2 
7 8 4 2 1 6 3 9 5 
1 5 6 9 4 3 2 7 8 
2 9 3 5 7 8 4 1 6 
Duration [seconds]: 0.204502
Nodes expanded: 326551
Seed value: 43
8 3 9 6 5 4 1 2 7 
4 6 7 8 2 1 9 5 3 
5 2 1 7 3 9 6 8 4 
6 1 5 3 8 2 7 4 9 
9 7 2 4 6 5 8 3 1 
3 4 8 1 9 7 5 6 2 
7 8 4 2 1 6 3 9 5 
1 5 6 9 4 3 2 7 8 
2 9 3 5 7 8 4 1 6 
Duration [seconds]: 2.75911
Nodes expanded: 4316356
Seed value: 44
8 3 9 6 5 4 1 2 7 
4 6 7 8 2 1 9 5 3 
5 2 1 7 3 9 6 8 4 
6 1 5 3 8 2 7 4 9 
9 7 2 4 6 5 8 3 1 
3 4 8 1 9 7 5 6 2 
7 8 4 2 1 6 3 9 5 
1 5 6 9 4 3 2 7 8 
2 9 3 5 7 8 4 1 6 
Duration [seconds]: 0.17401
Nodes expanded: 271094
Seed value: 45
8 3 9 6 5 4 1 2 7 
4 6 7 8 2 1 9 5 3 
5 2 1 7 3 9 6 8 4 
6 1 5 3 8 2 7 4 9 
9 7 2 4 6 5 8 3 1 
3 4 8 1 9 7 5 6 2 
7 8 4 2 1 6 3 9 5 
1 5 6 9 4 3 2 7 8 
2 9 3 5 7 8 4 1 6 
Duration [seconds]: 3.29426
Nodes expanded: 4842108
Seed value: 46
8 3 9 6 5 4 1 2 7 
4 6 7 8 2 1 9 5 3 
5 2 1 7 3 9 6 8 4 
6 1 5 3 8 2 7 4 9 
9 7 2 4 6 5 8 3 1 
3 4 8 1 9 7 5 6 2 
7 8 4 2 1 6 3 9 5 
1 5 6 9 4 3 2 7 8 
2 9 3 5 7 8 4 1 6 
Duration [seconds]: 0.229037
Nodes expanded: 302714
Seed value: 47
8 3 9 6 5 4 1 2 7 
4 6 7 8 2 1 9 5 3 
5 2 1 7 3 9 6 8 4 
6 1 5 3 8 2 7 4 9 
9 7 2 4 6 5 8 3 1 
3 4 8 1 9 7 5 6 2 
7 8 4 2 1 6 3 9 5 
1 5 6 9 4 3 2 7 8 
2 9 3 5 7 8 4 1 6 
Duration [seconds]: 0.527999
Nodes expanded: 831016
Seed value: 48
8 3 9 6 5 4 1 2 7 
4 6 7 8 2 1 9 5 3 
5 2 1 7 3 9 6 8 4 
6 1 5 3 8 2 7 4 9 
9 7 2 4 6 5 8 3 1 
3 4 8 1 9 7 5 6 2 
7 8 4 2 1 6 3 9 5 
1 5 6 9 4 3 2 7 8 
2 9 3 5 7 8 4 1 6 
Duration [seconds]: 0.104579
Nodes expanded: 152558
Seed value: 49
8 3 9 6 5 4 1 2 7 
4 6 7 8 2 1 9 5 3 
5 2 1 7 3 9 6 8 4 
6 1 5 3 8 2 7 4 9 
9 7 2 4 6 5 8 3 1 
3 4 8 1 9 7 5 6 2 
7 8 4 2 1 6 3 9 5 
1 5 6 9 4 3 2 7 8 
2 9 3 5 7 8 4 1 6 
Duration [seconds]: 0.465438
Nodes expanded: 647538
Seed value: 50
8 3 9 6 5 4 1 2 7 
4 6 7 8 2 1 9 5 3 
5 2 1 7 3 9 6 8 4 
6 1 5 3 8 2 7 4 9 
9 7 2 4 6 5 8 3 1 
3 4 8 1 9 7 5 6 2 
7 8 4 2 1 6 3 9 5 
1 5 6 9 4 3 2 7 8 
2 9 3 5 7 8 4 1 6 
Duration [seconds]: 0.207255
Nodes expanded: 305923

Runtimes (s): 0.169774,0.719057,0.492904,0.099748,0.977967,2.67391,0.199105,0.669324,0.224811,0.318923,0.0371437,0.530112,0.22448,0.101379,0.162628,0.0488286,3.88732,0.185155,0.554033,0.116046,0.807793,1.5591,0.125427,0.439441,0.104809,1.2439,2.03458,1.91091,0.0885722,0.126866,0.127262,0.412246,0.0660256,0.0457721,7.75457,0.0565685,0.023539,0.531522,1.67162,0.099373,0.0123288,0.204502,2.75911,0.17401,3.29426,0.229037,0.527999,0.104579,0.465438,0.207255,
Runtimes average (s): 1.3359534398255
Runtimes standard deviation (s): 0.79202127

Nodes expanded: 260768,1108995,634610,130931,1517814,3859458,272759,1015352,343527,456608,48792,747428,302686,145127,244136,63972,5504222,262062,802428,161891,1227181,2409669,175135,661676,136237,1950046,2927457,2826188,132574,168425,182159,574218,104875,70217,11447068,80258,32630,751693,2443218,141757,19306,326551,4316356,271094,4842108,302714,831016,152558,647538,305923,
Nodes expanded average: 1166828.22
Nodes expanded standard deviation: 1968778.684695
